time_index,year,qtr,CONSTR_bln_rub_fix,CONSTR_rog,CONSTR_yoy,CPI_ALCOHOL_rog,CPI_FOOD_rog,CPI_NONFOOD_rog,CPI_SERVICES_rog,CPI_rog,DWELL_mln_m2,DWELL_rog,DWELL_yoy,GDP_bln_rub,GDP_yoy,GOV_CONSOLIDATED_EXPENSE_ACCUM_bln_rub,GOV_CONSOLIDATED_REVENUE_ACCUM_bln_rub,GOV_FEDERAL_EXPENSE_ACCUM_bln_rub,GOV_FEDERAL_REVENUE_ACCUM_bln_rub,GOV_FEDERAL_SURPLUS_ACCUM_bln_rub,GOV_SUBFEDERAL_EXPENSE_ACCUM_bln_rub,GOV_SUBFEDERAL_REVENUE_ACCUM_bln_rub,GOV_SUBFEDERAL_SURPLUS_ACCUM_bln_rub,IND_PROD_rog,IND_PROD_yoy,I_bln_rub,I_rog,I_yoy,NONFINANCIALS_PROFIT_CONSTRUCTION_bln_rub,NONFINANCIALS_PROFIT_MANUF_bln_rub,NONFINANCIALS_PROFIT_MINING_bln_rub,NONFINANCIALS_PROFIT_POWER_GAS_WATER_bln_rub,NONFINANCIALS_PROFIT_TRANS_COMM_bln_rub,PROD_AUTO_BUS_units,PROD_AUTO_PSGR_th,PROD_AUTO_TRUCKS_AND_CHASSIS_th,PROD_AUTO_TRUCKS_th,PROD_BYCYCLES_th,PROD_COAL_mln_t,PROD_EGGS_mln,PROD_EGGS_yoy,PROD_E_TWh,PROD_FOOTWEAR_mln_pair,PROD_GASOLINE_mln_t,PROD_NATURAL_AND_ASSOC_GAS_bln_m3,PROD_OIL_mln_t,PROD_RAILWAY_CARGO_WAGONS_units,PROD_RAILWAY_PSGR_WAGONS_units,PROD_STEEL_th_ton,PROD_WOOD_INDUSTRIAL_mln_solid_m3,PROD_WOOD_ROUGH_mln_solid_m3,RETAIL_SALES_bln_rub,RETAIL_SALES_rog,RETAIL_SALES_yoy,RETAIL_USLUGI_bln_rub,RETAIL_USLUGI_rog,RETAIL_USLUGI_yoy,SOC_EMPLOYED_mln,SOC_EMPLOYED_yoy,SOC_PENSION_rub,SOC_UNEMPLOYED_bln,SOC_UNEMPLOYMENT_percent,SOC_WAGE_rog,SOC_WAGE_rub,SOC_WAGE_yoy,TRADE_GOODS_EXPORT_bln_usd,TRADE_GOODS_EXPORT_rog,TRADE_GOODS_EXPORT_yoy,TRADE_GOODS_IMPORT_bln_usd,TRADE_GOODS_IMPORT_rog,TRADE_GOODS_IMPORT_yoy,TRANS_COM_bln_t_km,TRANS_COM_rog,TRANS_COM_yoy,TRANS_RAILLOAD_mln_t,TRANS_RAILLOAD_rog,TRANS_RAILLOAD_yoy,TRANS_bln_t_km,TRANS_rog,TRANS_yoy
1999-03-31,1999,1,50.9,80.5,92.0,118.2,118.4,114.0,109.5,116.0,4.1,,98.1,901.0,98.1,103.1,99.3,61.0,54.7,-6.3,49.2,51.7,2.5,,,96.8,,93.8,1039.0,13679.0,16080.0,-490.0,13312.0,14486.0,230.0,,39.6,92.4,67.1,7516.0,97.1,243.0,5.6,6.0,161.0,71.9,1051.0,143.0,11265.0,23.9,,379.0,88.0,88.1,90.6,90.5,104.2,61.1,102.4,403.1,10.2,14.3,99.4,1248.0,123.0,15.3,81.7,85.1,9.1,97.4,51.1,821.0,99.2,100.9,215.0,102.8,103.8,841.3,,
1999-06-30,1999,2,69.1,130.1,93.8,106.8,106.4,108.6,109.0,107.3,5.5,132.8,100.7,1102.0,103.1,380.8,349.9,213.4,173.7,-39.7,185.0,193.8,8.8,,,131.1,,99.2,4713.0,46463.0,40142.0,1932.0,35059.0,12413.0,243.0,,43.3,125.0,57.3,9086.0,98.2,186.0,7.8,6.4,142.0,73.3,1133.0,169.0,12765.0,15.7,,416.5,100.8,90.0,102.4,104.5,106.5,62.9,106.2,438.0,9.4,13.0,121.1,1511.0,141.1,17.1,111.9,91.6,10.1,110.9,58.1,831.0,101.2,106.5,234.0,107.6,111.8,852.6,101.3,
1999-09-30,1999,3,91.4,120.5,104.3,106.0,104.3,107.2,107.2,105.6,5.9,108.5,104.5,1373.0,111.4,694.4,658.7,381.7,334.3,-47.4,345.5,356.7,11.2,,,185.6,,105.0,8943.0,84184.0,67798.0,4726.0,60062.0,11300.0,243.0,,44.3,112.0,56.2,9077.0,104.5,177.0,8.2,7.2,131.0,74.7,1085.0,194.0,13561.0,17.1,,464.6,105.1,90.3,121.0,109.1,110.0,63.9,108.8,455.5,8.9,12.3,108.7,1642.0,151.5,18.9,110.5,98.5,9.5,93.8,70.6,833.0,100.2,109.0,244.0,103.1,119.5,857.9,100.6,
1999-12-31,1999,4,96.4,92.8,117.1,107.1,102.8,104.9,104.7,103.9,16.5,2.8,107.3,1447.0,112.0,1258.0,1213.6,666.9,615.5,-51.4,653.8,660.8,7.0,,,256.9,,117.4,14822.0,137998.0,109148.0,8241.0,97060.0,11822.0,238.0,,48.9,95.6,68.9,7456.0,105.5,240.0,8.3,6.6,158.0,75.0,871.0,210.0,13927.0,19.1,,537.3,110.6,103.1,129.7,101.4,104.7,63.6,107.6,499.5,9.1,12.5,117.4,1927.0,154.4,24.3,128.8,130.1,10.8,114.2,115.8,887.0,106.5,107.1,254.0,104.2,118.8,909.6,106.0,
2000-03-31,2000,1,78.8,76.3,111.1,114.3,101.4,105.0,108.0,104.1,4.1,,100.1,1527.0,111.4,184.8,217.4,111.2,138.3,27.1,82.3,87.8,5.5,,,165.8,,113.5,6506.0,58156.0,42820.0,4263.0,38674.0,12191.0,239.0,,45.2,144.0,71.1,7854.0,104.5,252.0,7.8,6.4,159.0,75.0,1075.0,182.0,14380.0,26.5,,517.7,92.4,108.2,122.9,86.9,104.4,63.6,104.1,582.6,8.8,12.1,98.6,1899.0,157.1,23.9,98.3,156.4,10.0,92.1,109.5,886.0,99.9,107.9,253.0,100.8,117.8,907.8,99.8,107.9
2000-06-30,2000,2,113.6,136.1,116.2,103.4,106.1,103.5,106.6,105.3,5.7,138.8,104.6,1697.0,110.2,609.5,717.7,333.9,415.5,81.6,311.6,338.2,26.6,,,236.0,,119.6,13461.0,118956.0,85725.0,9182.0,77801.0,13713.0,238.0,,46.4,191.0,60.5,9343.0,102.8,191.0,8.2,6.5,138.0,76.8,1241.0,193.0,14887.0,16.7,,542.8,101.3,108.7,138.3,107.1,105.1,65.6,104.3,667.1,7.7,10.4,113.1,2148.0,146.2,25.5,106.6,149.0,10.4,104.0,102.7,867.0,97.8,104.3,263.0,103.7,112.3,889.4,98.0,104.3
2000-09-30,2000,3,151.7,117.6,113.4,103.3,102.6,104.3,109.8,104.1,5.9,102.8,99.1,2038.0,110.5,1058.3,1232.3,556.0,693.0,137.0,565.1,602.1,37.0,,,330.2,,119.7,21976.0,192003.0,135333.0,15574.0,123448.0,14173.0,255.0,,47.0,135.0,55.6,9155.0,100.9,184.0,8.0,7.3,131.0,79.9,796.0,190.0,15172.0,17.4,,598.4,105.8,109.4,162.9,109.1,105.2,65.8,103.0,729.7,7.2,9.9,108.8,2336.0,148.0,26.6,104.6,141.1,11.1,107.2,117.3,868.0,100.1,104.2,259.0,97.6,106.3,895.8,100.7,104.4
2000-12-31,2000,4,159.7,92.5,112.9,102.3,106.1,104.6,105.7,105.4,14.6,2.5,88.3,2044.0,108.2,1960.1,2097.7,1029.2,1132.1,102.9,1032.1,1065.8,33.8,,,433.2,,116.1,30359.0,266128.0,188810.0,21280.0,171970.0,13924.0,237.0,,45.9,169.0,70.7,7733.0,103.7,251.0,8.0,7.0,156.0,81.1,917.0,237.0,14658.0,20.0,,693.4,110.5,109.4,178.7,102.8,104.1,65.2,102.5,797.9,7.1,9.8,113.5,2652.0,141.1,29.1,109.1,119.5,13.4,120.2,123.5,921.0,106.1,103.8,272.0,104.7,106.7,945.3,105.5,103.9
2001-03-31,2001,1,116.9,72.6,107.4,103.3,107.9,104.0,112.9,107.1,4.0,,97.8,1901.0,104.7,267.0,316.5,170.4,200.1,29.7,130.3,150.1,19.8,,,230.3,,107.0,8091.0,72158.0,52909.0,5344.0,47831.0,11419.0,246.0,,40.6,148.0,72.7,7737.0,98.5,256.0,8.1,6.9,157.0,79.5,926.0,191.0,14227.0,26.6,,665.2,91.1,107.9,168.7,85.9,103.2,64.3,101.6,880.3,7.0,9.8,104.8,2781.0,146.6,25.6,88.0,107.0,11.3,84.4,113.1,893.0,96.9,100.8,254.0,95.6,100.2,914.9,96.8,100.8
2001-06-30,2001,2,160.9,135.0,106.6,102.5,106.8,102.4,107.3,105.3,5.7,142.0,100.1,2105.0,105.0,822.0,999.7,465.0,585.3,120.3,444.7,502.1,57.4,,,318.8,,109.5,16434.0,144974.0,104123.0,11277.0,94571.0,12232.0,251.0,,39.4,170.0,62.4,9700.0,103.8,195.0,9.6,6.7,138.0,82.9,1407.0,206.0,15113.0,17.9,,729.6,105.0,111.9,194.2,107.5,103.7,65.3,100.5,984.1,6.2,8.7,110.8,3082.0,144.6,26.2,102.3,102.7,13.6,120.6,131.2,904.0,101.3,104.3,265.0,103.3,100.9,927.8,101.4,104.3
2001-09-30,2001,3,210.9,122.6,111.1,103.0,97.9,102.5,107.9,101.1,6.6,114.9,111.8,2488.0,106.0,1445.1,1675.7,804.8,979.4,174.6,786.3,842.3,56.0,,,421.1,,109.9,23785.0,210079.0,151244.0,16252.0,137294.0,16176.0,260.0,,43.1,121.0,63.9,9708.0,106.0,186.0,8.9,7.0,125.0,86.6,1737.0,245.0,15112.0,18.4,,783.3,105.7,111.7,219.3,106.9,101.9,65.8,100.7,1093.6,6.2,8.5,110.1,3393.0,147.9,25.6,97.9,96.1,13.2,97.2,119.0,902.0,99.8,103.9,268.0,100.3,103.7,932.3,100.5,104.1
2001-12-31,2001,4,215.1,95.1,114.3,103.2,104.5,103.3,104.8,104.1,15.4,2.3,105.5,2450.0,104.5,2419.4,2683.7,1321.9,1594.0,272.1,1330.2,1322.4,-7.8,,,534.5,,111.9,32331.0,286115.0,206748.0,21945.0,187521.0,16679.0,265.0,,49.5,74.5,70.5,8097.0,104.7,254.0,10.3,7.0,161.0,87.6,2448.0,217.0,14578.0,20.5,,891.9,110.8,111.9,229.5,99.9,98.7,65.3,100.5,1136.2,6.2,8.7,114.1,3872.0,146.5,24.6,96.0,84.6,15.6,118.0,116.8,952.0,105.5,103.4,270.0,100.4,99.5,978.6,105.0,103.5
2002-03-31,2002,1,136.3,65.3,102.7,103.3,104.3,102.7,114.5,105.4,4.8,,119.3,2262.0,103.8,342.6,453.8,217.3,306.4,89.1,167.7,189.8,22.1,94.0,103.1,270.1,,101.3,2513.0,30761.0,33999.0,-566.0,28418.0,17021.0,249.0,,38.7,126.0,63.0,8344.0,107.8,247.0,9.4,7.0,160.0,86.6,2122.0,147.0,14165.0,27.7,,828.0,89.2,109.6,232.1,91.3,104.5,65.8,102.2,1297.7,6.0,8.4,99.1,3836.0,138.0,21.9,89.0,85.6,12.3,79.1,109.4,937.0,98.5,105.0,248.0,93.9,97.7,961.1,98.2,105.1
2002-06-30,2002,2,188.8,135.6,103.2,101.9,103.2,103.1,105.1,103.4,6.4,132.1,111.0,2529.0,104.4,1122.2,1326.7,674.3,822.2,147.9,570.8,627.4,56.6,97.7,101.8,376.4,,103.5,7355.0,78522.0,75288.0,1414.0,64475.0,14624.0,262.0,,41.8,162.0,57.1,10113.0,104.3,196.0,10.9,6.7,143.0,89.5,2206.0,233.0,14955.0,17.3,,884.2,103.4,108.0,259.0,106.1,103.7,66.8,102.0,1334.4,5.6,7.7,111.0,4257.0,138.1,26.3,120.1,100.5,14.8,119.6,108.5,951.0,101.5,105.2,270.0,107.7,101.8,976.2,101.6,105.2
2002-09-30,2002,3,251.2,121.9,102.6,101.6,98.2,102.1,107.3,101.2,7.3,115.9,111.9,3013.0,104.4,1967.6,2218.1,1164.6,1388.1,223.5,1004.0,1031.0,27.0,104.7,105.1,494.5,,102.7,17690.0,170094.0,141617.0,8398.0,124603.0,16982.0,275.0,,44.4,128.0,61.4,9655.0,99.4,190.0,11.3,7.6,131.0,94.4,2958.0,250.0,15539.0,18.4,,963.5,107.5,109.9,288.3,106.3,103.4,67.7,102.9,1420.2,5.5,7.4,106.8,4547.0,134.5,28.9,110.0,113.0,15.7,106.5,118.8,965.0,101.5,107.0,282.0,103.3,104.9,997.2,102.2,107.0
2002-12-31,2002,4,254.7,95.5,103.0,101.8,105.3,102.5,105.5,104.3,15.3,2.1,99.6,3027.0,106.2,3422.3,3519.2,2054.2,2204.7,150.5,1687.2,1633.6,-53.6,106.8,102.7,621.4,,103.1,22279.0,212476.0,174694.0,11039.0,154100.0,18065.0,195.0,,47.7,92.5,74.3,8266.0,102.1,258.0,10.6,7.7,162.0,96.5,3454.0,237.0,15224.0,20.8,,1089.7,110.6,109.6,308.6,100.3,103.2,66.4,101.6,1461.7,6.3,8.6,110.4,5018.0,129.9,30.2,104.4,122.9,18.1,115.3,116.0,1015.0,105.1,106.6,284.0,100.7,105.2,1041.7,104.5,106.4
2003-03-31,2003,1,172.7,71.0,112.1,104.0,104.9,102.8,110.6,105.2,5.6,,117.2,2851.0,107.5,451.3,540.5,293.0,368.0,75.0,206.6,220.8,14.2,98.6,107.7,330.0,,110.1,2836.0,63679.0,48122.0,23209.0,38043.0,17363.0,201.0,,42.3,143.0,73.3,8385.0,100.5,261.0,11.5,7.1,163.0,96.0,5290.0,230.0,15135.0,29.2,,1013.9,89.4,109.9,312.7,94.8,106.8,65.1,99.1,1488.8,6.4,9.0,95.7,4800.0,125.8,31.1,102.9,142.0,16.0,88.2,129.4,1009.0,99.4,107.6,269.0,96.9,108.6,1032.9,99.2,107.5
2003-06-30,2003,2,239.6,136.9,113.2,101.7,102.6,101.8,104.5,102.6,7.1,125.6,111.4,3102.0,107.9,1395.7,1624.5,855.5,1029.2,173.7,684.1,739.2,55.1,100.5,109.9,470.6,,113.1,9727.0,170717.0,126891.0,25864.0,81396.0,17883.0,259.0,,47.3,152.0,62.7,10284.0,101.7,204.0,11.7,7.1,148.0,99.9,6258.0,242.0,15883.0,18.2,,1071.9,103.3,109.8,344.2,105.3,106.6,66.2,99.3,1608.6,5.8,8.2,110.3,5296.0,124.8,31.7,102.2,120.8,18.2,113.9,123.2,1024.0,101.5,107.7,291.0,106.8,107.8,1049.6,101.6,107.5
2003-09-30,2003,3,313.0,121.9,113.1,101.6,98.4,101.9,103.6,100.6,7.6,107.7,103.6,3600.0,106.1,2397.1,2658.5,1454.2,1678.0,223.8,1182.9,1220.5,37.6,102.8,107.6,607.5,,111.8,20174.0,262921.0,180819.0,10017.0,151173.0,19892.0,284.0,,51.4,73.8,64.5,9747.0,101.0,196.0,11.3,7.4,142.0,105.0,6904.0,261.0,15956.0,19.6,,1142.5,105.2,107.5,377.8,104.5,105.2,67.1,992.0,1701.4,5.7,7.8,104.8,5549.0,123.0,34.9,110.1,120.8,19.6,107.5,124.5,1039.0,101.5,107.7,298.0,101.5,105.9,1072.1,102.1,107.5
2003-12-31,2003,4,317.4,95.2,112.8,102.4,104.1,102.4,102.1,103.1,16.1,2.1,105.3,3655.0,107.6,3964.9,4138.7,2358.6,2586.2,227.6,1984.3,1930.5,-53.8,108.8,110.2,778.3,,113.7,31922.0,339308.0,241097.0,22194.0,213945.0,21090.0,267.0,,51.9,46.6,76.2,8209.0,99.3,255.0,12.9,7.7,167.0,107.0,8521.0,292.0,15865.0,23.3,,1301.4,111.1,108.1,396.0,102.5,107.1,66.9,100.9,1749.0,5.8,7.9,115.3,6401.0,128.1,38.2,109.2,126.4,22.3,114.0,123.1,1099.0,105.7,108.3,302.0,101.3,106.4,1127.8,105.2,108.3
2004-03-31,2004,1,217.9,71.6,113.8,103.5,103.9,101.4,106.4,103.5,6.0,,105.7,3516.0,107.2,504.5,624.6,319.2,434.7,115.5,234.0,238.6,4.6,96.6,108.6,442.2,55.5,118.4,1072.0,117896.0,82429.0,40334.0,63868.0,16933.0,258.0,,49.2,101.0,73.8,8213.0,98.0,262.0,10.9,7.2,168.0,107.0,8886.0,257.0,16011.0,30.9,,1237.3,92.4,111.7,393.4,95.3,107.3,66.2,101.6,1763.7,6.3,8.8,96.4,6173.0,127.3,37.3,97.7,120.0,19.9,89.3,124.6,1086.0,98.8,107.6,289.0,96.7,107.5,1111.2,98.5,107.6
2004-06-30,2004,2,307.0,137.8,114.5,101.9,102.1,102.0,104.3,102.5,7.2,120.9,101.8,3972.0,108.0,1605.9,1964.3,974.3,1229.6,255.3,783.6,886.7,103.1,100.2,108.3,626.3,137.2,116.9,9098.0,272123.0,180216.0,34683.0,126825.0,19246.0,278.0,,51.3,128.0,65.4,9842.0,95.7,209.0,11.7,7.3,153.0,109.0,8531.0,301.0,16274.0,18.6,,1322.2,104.5,112.9,430.2,105.3,107.6,67.8,102.5,1889.1,5.4,7.3,107.7,6650.0,125.0,43.2,115.8,136.0,23.0,115.3,126.2,1099.0,101.2,107.3,304.0,105.2,104.5,1126.2,101.3,107.3
2004-09-30,2004,3,384.1,113.6,106.8,101.3,101.1,102.0,103.0,101.8,8.5,119.3,112.7,4594.0,107.3,2766.4,3380.6,1630.7,2114.9,484.2,1381.0,1511.0,130.0,102.9,108.3,783.3,120.6,111.8,18513.0,433561.0,340522.0,42640.0,202496.0,21651.0,303.0,,54.5,66.0,65.4,9575.0,98.2,200.0,11.4,7.8,144.0,114.0,8722.0,306.0,16757.0,19.7,,1430.5,106.0,113.6,473.5,107.0,110.8,68.2,101.5,1978.9,5.2,7.0,104.2,6930.0,123.7,48.5,112.2,138.7,25.0,108.7,127.5,1108.0,100.8,106.6,312.0,101.6,104.7,1141.7,101.4,106.5
2004-12-31,2004,4,404.6,96.1,107.8,101.8,105.3,101.8,103.0,103.4,19.3,2.2,119.7,4945.0,106.2,4669.7,5429.9,2698.9,3428.9,730.0,2373.0,2403.2,30.2,107.3,106.8,1013.2,124.0,111.2,33047.0,601635.0,425039.0,82676.0,263439.0,17894.0,271.0,,45.2,48.8,77.1,8271.0,100.8,261.0,12.4,8.2,168.0,113.0,9201.0,347.0,16603.0,23.0,,1652.5,112.3,114.9,492.7,100.0,107.8,67.2,100.4,2026.3,5.7,7.8,109.4,7582.0,117.5,54.3,111.9,142.2,29.5,118.3,132.3,1148.0,103.6,104.5,315.0,100.9,104.3,1179.0,103.3,104.5
2005-03-31,2005,1,280.0,71.5,107.6,102.6,105.4,101.1,112.6,105.3,6.6,,111.2,4459.0,105.6,631.1,1090.4,445.5,749.9,304.4,262.3,417.1,154.9,94.8,104.9,540.5,51.9,106.3,-724.0,231024.0,132118.0,57179.0,76661.0,15442.0,244.0,,41.6,47.9,76.7,8342.0,101.6,267.0,10.4,7.7,171.0,110.0,8921.0,254.0,16433.0,32.3,,1511.2,89.0,110.5,481.6,90.4,103.1,67.1,101.4,2125.4,5.7,7.8,100.7,7638.0,122.6,49.1,90.5,131.7,25.3,85.7,127.0,1113.0,97.0,102.5,299.0,104.6,103.4,1140.8,96.8,102.7
2005-06-30,2005,2,398.9,139.5,109.0,101.7,103.9,101.3,102.6,102.6,7.7,115.5,106.2,5078.0,106.0,1987.8,2907.4,1228.6,1966.8,738.2,959.5,1140.8,181.3,100.1,104.8,776.3,139.9,108.4,6795.0,445631.0,368190.0,72960.0,143951.0,19386.0,257.0,,51.6,88.0,67.5,10225.0,103.9,212.0,12.5,7.6,154.4,112.0,8814.0,255.0,16229.0,19.1,,1674.9,107.5,113.8,554.6,112.1,109.2,68.4,100.8,2324.2,5.1,7.0,107.9,8234.0,122.4,58.7,119.6,135.9,28.9,114.1,125.7,1130.0,101.5,102.8,317.0,104.6,104.1,1160.5,101.7,103.0
2005-09-30,2005,3,521.3,119.3,114.4,101.5,98.0,102.1,102.6,100.6,8.9,116.7,103.9,5845.0,106.0,3445.2,4801.3,2063.7,3236.6,1172.9,1700.0,1883.1,183.1,103.5,105.4,993.6,123.9,111.4,21787.0,724668.0,612183.0,79996.0,231139.0,18531.0,282.0,,57.7,53.7,70.3,9930.0,103.7,207.0,12.3,8.4,144.0,115.0,7190.0,343.0,16338.0,22.0,,1796.8,105.4,113.3,599.7,105.2,107.7,69.0,101.2,2466.6,5.1,6.8,105.3,8674.0,123.9,64.0,109.0,132.0,32.1,111.1,128.5,1125.0,99.6,101.6,325.0,101.7,104.2,1161.5,100.1,101.7
2005-12-31,2005,4,554.2,99.2,118.0,101.6,102.5,101.8,102.2,102.1,20.4,2.3,105.5,6228.0,107.8,6820.6,8579.6,3514.3,5127.2,1612.9,2941.2,2999.9,58.7,107.3,105.4,1300.7,127.2,114.3,39804.0,943674.0,804198.0,117805.0,326903.0,24876.0,285.0,,54.1,46.4,84.0,8643.0,104.5,267.0,12.0,8.3,171.4,116.0,10235.0,369.0,17262.0,24.7,,2058.6,112.4,113.5,628.8,101.9,109.2,68.8,102.4,2539.9,5.2,7.0,111.3,9651.0,126.2,68.3,106.7,125.8,37.6,117.1,127.3,1182.0,105.1,102.8,332.0,102.2,105.3,1212.6,104.3,102.8
2006-03-31,2006,1,330.2,62.8,103.6,102.2,107.1,101.3,108.0,105.0,6.3,,94.6,5793.0,107.3,702.9,1151.3,485.0,875.8,390.8,295.2,352.7,57.5,93.6,104.1,658.4,49.6,108.8,186.0,273745.0,199798.0,67163.0,93513.0,19263.0,256.0,,50.0,169.0,80.2,8672.0,104.0,281.0,12.7,8.1,174.0,112.0,7708.0,339.0,17008.0,30.9,,1857.2,87.5,111.4,600.0,89.2,107.3,68.3,101.8,2538.9,5.6,7.6,97.4,9397.0,122.3,66.4,97.3,135.3,30.7,81.8,121.5,1135.0,96.0,102.0,304.0,93.5,101.2,1163.4,95.9,101.9
2006-06-30,2006,2,520.2,154.8,115.0,101.8,100.6,101.0,101.9,101.1,9.4,150.5,123.3,6368.0,108.1,2365.5,3560.2,1502.1,2396.8,894.7,1080.0,1379.9,300.0,102.5,106.6,1017.6,151.4,117.7,16499.0,624789.0,416631.0,76006.0,210917.0,21683.0,297.0,,61.7,340.0,72.6,10332.0,101.0,223.0,15.1,8.0,158.0,115.0,8940.0,370.0,17940.0,19.9,,2068.1,109.6,113.6,689.4,112.2,107.7,69.0,101.0,2726.9,5.5,7.3,110.7,10401.0,125.1,75.6,113.8,128.7,38.8,126.1,134.2,1163.0,102.5,102.9,330.0,107.6,104.3,1193.6,102.6,102.8
2006-09-30,2006,3,695.6,121.9,117.5,103.2,99.0,101.9,101.8,101.0,10.2,108.0,114.1,7276.0,108.2,4737.8,6715.3,2539.3,4028.7,1489.4,1979.4,2378.4,399.0,104.1,107.2,1287.3,122.1,116.1,38884.0,1031527.0,687520.0,53578.0,346469.0,24453.0,305.0,,65.1,285.0,71.2,10196.0,102.7,218.0,14.6,9.2,151.0,118.0,6758.0,413.0,17608.0,21.9,,2237.3,107.0,115.3,739.9,105.2,107.9,70.0,101.4,2799.5,4.9,6.6,105.5,10949.0,125.1,78.7,104.2,123.1,42.1,108.5,131.1,1175.0,101.1,104.4,337.0,101.0,103.7,1209.4,101.3,104.1
2006-12-31,2006,4,804.8,106.8,126.5,102.6,101.7,101.6,101.6,101.7,24.7,2.4,121.2,7480.0,108.9,8375.2,10625.8,4284.8,6278.9,1994.1,3657.7,3797.3,139.6,107.3,107.1,1766.7,131.8,120.3,66431.0,1483567.0,712883.0,90461.0,410994.0,23256.0,320.0,,68.5,254.0,86.0,9016.0,104.3,274.0,14.9,9.1,173.0,118.0,10250.0,435.0,18259.0,25.6,,2549.3,112.5,115.3,769.1,102.4,108.4,69.5,101.0,2838.9,5.0,6.7,111.5,12203.0,125.2,76.8,97.5,112.5,51.6,122.7,137.4,1202.0,102.3,101.7,340.0,100.7,102.4,1233.3,102.1,101.8
2007-03-31,2007,1,447.8,58.2,117.2,102.0,102.7,101.1,108.0,103.4,9.4,,150.8,6780.0,108.1,937.3,1445.6,537.3,888.2,350.9,379.2,483.3,104.1,94.2,107.8,897.6,49.4,120.3,2512.0,313880.0,135578.0,59440.0,146914.0,19059.0,290.0,,64.5,338.0,80.9,8781.0,101.3,276.0,13.2,8.9,175.0,117.0,8936.0,395.0,18232.0,32.9,,2257.8,87.0,114.8,740.4,89.7,108.7,69.7,102.1,2846.3,5.2,6.9,97.3,11876.0,127.3,70.2,91.4,105.7,42.6,82.5,138.6,1173.0,97.5,103.4,323.0,99.8,106.3,1201.0,97.4,103.2
2007-06-30,2007,2,741.5,160.6,121.6,101.5,103.9,101.1,101.6,102.2,11.6,123.1,123.3,7768.0,108.6,3284.9,4526.1,1728.2,2510.6,782.4,1391.4,1761.4,370.1,101.8,107.1,1414.4,152.6,121.3,26797.0,815519.0,391577.0,73146.0,291780.0,20295.0,319.0,,68.9,544.0,70.8,10376.0,100.4,230.0,13.1,8.3,158.0,117.0,9384.0,456.0,18094.0,20.3,,2542.6,110.6,115.8,842.5,110.5,107.0,71.0,102.9,3090.6,4.5,5.9,109.3,12993.0,125.9,81.9,116.7,108.4,52.7,123.6,135.9,1194.0,101.9,102.7,336.0,102.8,101.5,1225.1,102.0,102.6
2007-09-30,2007,3,957.4,116.0,115.7,101.8,101.9,101.8,101.6,101.8,12.8,110.0,125.6,8903.0,108.2,5804.3,7924.3,3054.4,4509.9,1455.4,2535.6,3044.8,509.2,103.8,106.8,1744.1,117.7,116.9,58516.0,1270720.0,620517.0,50844.0,464615.0,21954.0,330.0,,71.7,240.0,73.5,10076.0,98.8,224.0,14.0,9.1,144.0,120.0,9417.0,463.0,17780.0,23.1,,2799.2,107.9,116.8,893.4,104.2,106.1,71.5,102.2,3107.6,4.2,5.5,103.9,13494.0,124.0,87.1,106.4,110.6,58.0,110.1,137.9,1181.0,98.9,100.5,338.0,99.7,100.2,1216.3,99.3,100.6
2007-12-31,2007,4,1146.6,109.3,118.5,102.3,107.8,102.5,101.6,104.1,27.4,2.1,110.8,9797.0,109.2,11378.6,13368.3,5986.6,7781.1,1794.6,4790.5,4828.5,38.0,106.1,105.6,2660.1,144.9,128.5,108823.0,1739360.0,906679.0,119690.0,659277.0,27554.0,356.0,,79.9,391.0,88.6,8975.0,99.5,285.0,13.9,8.8,175.0,119.0,10838.0,509.0,18264.0,30.2,,3269.4,112.5,116.8,930.7,103.1,106.9,70.8,101.8,3417.7,4.3,5.7,116.7,15742.0,129.3,107.4,123.3,139.9,69.8,120.2,135.1,1240.0,105.0,103.2,348.0,102.8,102.3,1272.8,104.6,103.2
2008-03-31,2008,1,705.4,63.3,128.9,103.0,106.2,102.0,107.5,104.8,10.2,,107.6,8878.0,109.2,1372.8,2066.9,858.5,1322.5,464.0,555.7,727.7,171.9,94.6,106.0,1314.6,47.4,123.4,14088.0,451311.0,250859.0,75714.0,167248.0,17145.0,331.0,,66.3,414.0,85.6,8551.0,97.4,291.0,14.3,8.9,180.0,117.0,9907.0,480.0,19284.0,29.9,,2957.8,87.5,117.4,900.2,90.3,107.4,70.1,100.6,3823.1,5.0,6.6,97.7,15424.0,128.0,108.4,100.9,154.4,59.8,85.7,140.3,1234.0,99.5,105.3,340.0,98.8,105.3,1262.2,99.2,105.1
2008-06-30,2008,2,1083.3,147.2,118.2,102.9,105.9,102.4,103.1,103.8,11.5,113.0,98.8,10238.0,107.9,4357.3,6410.7,2388.5,3700.2,1311.6,1862.0,2460.2,598.1,100.2,104.3,1991.5,145.4,117.6,51977.0,1226531.0,632490.0,72335.0,364349.0,19048.0,392.0,,77.1,556.0,76.0,10213.0,98.4,238.0,15.4,8.3,166.0,117.0,11255.0,510.0,18973.0,18.4,,3331.7,108.4,115.1,1006.7,108.3,105.4,71.6,100.9,4044.0,4.2,5.5,110.0,16962.0,129.2,126.0,116.3,153.9,74.8,125.1,142.0,1230.0,99.7,103.0,338.0,99.4,100.7,1261.1,99.9,102.9
2008-09-30,2008,3,1304.6,107.5,109.5,101.9,100.4,101.9,102.9,101.7,13.5,117.5,105.5,11542.0,106.4,7634.0,10939.7,4057.3,6404.5,2347.2,3388.3,4124.3,736.0,101.4,101.9,2369.0,112.4,112.3,89378.0,1809500.0,936652.0,30358.0,551427.0,16331.0,404.0,,74.0,338.0,81.1,10075.0,100.0,236.0,13.8,9.2,150.0,119.0,12021.0,565.0,18674.0,21.1,,3664.1,108.0,115.2,1080.8,103.9,105.1,71.8,100.4,4382.6,4.4,5.8,103.6,17556.0,129.0,134.5,106.7,154.4,83.0,111.0,143.1,1196.0,97.2,101.3,337.0,98.8,99.7,1233.3,97.8,101.4
2008-12-31,2008,4,1434.8,103.7,103.8,102.7,104.1,101.4,101.6,102.5,28.9,2.1,105.7,10619.0,98.7,13991.8,16003.9,7570.9,9275.9,1705.1,6253.1,6198.8,-54.4,94.6,90.9,3106.5,127.4,98.7,130421.0,1694862.0,872481.0,97862.0,573243.0,13953.0,343.0,,38.6,127.0,85.9,9219.0,102.7,276.0,13.1,9.2,168.0,119.0,9498.0,588.0,11780.0,21.6,,3990.6,106.3,108.8,1092.1,99.5,101.8,70.4,99.4,4544.8,5.3,7.0,108.0,18966.0,119.5,97.4,72.5,90.7,71.0,85.5,101.8,1160.0,97.0,93.5,289.0,85.7,83.1,1191.9,96.6,93.6
2009-03-31,2009,1,661.7,50.8,83.4,103.9,105.2,103.8,108.5,105.4,10.4,,102.5,8335.0,90.8,1572.2,1889.6,1087.8,1220.3,132.5,548.8,639.9,91.1,86.7,83.3,1224.3,39.4,82.0,933.0,-67331.0,130572.0,126472.0,51540.0,5309.0,123.0,16.4,16.3,97.0,69.3,8966.0,104.8,274.0,12.6,9.1,154.0,116.0,4588.0,372.0,12842.0,26.1,29.9,3330.6,80.8,100.4,1031.6,87.8,99.1,68.5,97.8,4613.5,6.7,8.9,92.0,17441.0,112.8,57.8,59.3,53.3,37.7,53.1,63.1,1023.0,88.2,82.9,248.0,87.6,72.9,1045.1,87.7,82.8
2009-06-30,2009,2,949.2,147.3,83.4,102.7,101.7,102.4,101.0,101.9,11.2,107.2,97.2,9245.0,88.8,5210.9,5048.2,3118.0,2641.4,-476.5,2056.9,2309.0,252.1,102.7,85.4,1722.1,140.3,79.1,29233.0,280527.0,383528.0,150160.0,263160.0,7887.0,166.0,23.4,23.2,183.0,67.9,10578.0,103.6,221.0,15.4,8.4,121.0,119.0,4091.0,334.0,13798.0,15.2,16.9,3513.2,102.3,94.8,1095.1,104.4,95.3,69.5,97.1,5151.3,6.4,8.4,105.6,18419.0,108.0,63.6,110.1,50.4,41.9,111.2,56.0,1013.0,99.0,82.3,273.0,109.2,80.9,1036.7,99.2,82.2
2009-09-30,2009,3,1105.5,110.2,85.5,100.9,98.5,101.9,101.3,100.6,13.3,119.4,98.8,10411.0,91.4,9214.2,8648.5,5580.1,4645.8,-934.3,3590.3,3903.6,313.3,104.6,88.1,2061.0,116.9,82.3,57006.0,662226.0,651142.0,156115.0,491663.0,9175.0,137.0,22.7,22.4,83.2,74.9,10406.0,103.3,218.0,13.8,9.3,131.0,121.0,5648.0,345.0,16160.0,18.6,21.2,3688.1,103.8,91.1,1131.8,101.9,93.6,70.4,98.0,5330.1,5.9,7.8,101.4,18673.0,105.7,81.6,128.3,60.7,46.8,111.7,56.4,1120.0,110.6,93.7,296.0,107.1,87.7,1147.9,110.7,93.1
2009-12-31,2009,4,1281.9,111.8,92.3,101.2,100.1,101.2,100.6,100.7,25.0,187.4,86.4,10816.0,97.4,16048.3,13599.7,9660.1,7337.8,-2322.3,6255.7,5926.6,-329.1,108.5,101.0,2968.6,140.5,90.7,104861.0,969591.0,892471.0,220009.0,564638.0,13112.0,171.0,30.2,29.5,25.2,86.4,9479.0,102.8,279.0,15.7,9.0,178.0,122.0,9257.0,333.0,16366.0,20.4,26.2,4067.3,109.9,94.3,1161.5,102.2,95.6,69.5,98.8,5669.5,6.0,7.9,110.7,20670.0,108.4,94.2,115.5,96.7,57.4,122.6,80.8,1187.0,106.0,102.4,291.0,98.5,100.9,1216.6,106.0,102.1
2010-03-31,2010,1,646.9,53.6,97.3,103.7,103.8,100.9,105.4,103.2,9.5,,91.1,9996.0,104.1,1757.7,2001.4,1477.8,1308.3,-169.5,606.1,689.8,83.7,93.1,108.4,1242.9,41.3,95.2,634.0,326298.0,270405.0,172214.0,200065.0,5830.0,190.0,22.3,,237.0,83.7,9382.0,104.6,290.0,23.6,8.8,,119.0,10011.0,247.0,15892.0,,34.6,3634.0,87.7,102.4,1122.9,91.9,99.9,68.2,99.5,7125.8,6.5,8.7,93.9,19485.0,110.5,90.1,95.6,155.9,44.8,78.0,118.8,1145.0,96.4,111.9,279.0,97.9,112.8,1166.7,95.9,111.6
2010-06-30,2010,2,1055.8,161.3,106.6,102.0,101.5,101.0,101.0,101.2,12.0,126.3,107.3,10977.0,105.0,5893.9,6182.8,3659.0,3195.7,-463.3,2138.0,2658.9,520.9,101.9,107.6,1962.5,155.6,105.6,17913.0,660581.0,608904.0,212230.0,329460.0,9853.0,297.0,38.7,,449.0,73.5,10993.0,103.9,232.0,26.6,8.5,,121.0,12241.0,387.0,16973.0,,22.2,3943.6,107.0,107.0,1204.2,105.7,101.6,70.1,100.9,7579.8,5.5,7.3,106.8,20809.0,112.4,95.4,105.9,150.0,57.3,127.8,136.6,1145.0,100.1,113.1,305.0,108.2,111.8,1171.1,100.4,113.0
2010-09-30,2010,3,1288.4,112.2,108.5,101.1,103.2,101.2,100.9,101.8,11.4,95.3,85.7,12086.0,103.8,9988.9,10236.1,5923.7,5300.5,-623.3,3792.1,4369.0,576.8,102.9,105.9,2361.5,116.6,105.3,49651.0,1134603.0,959439.0,228437.0,562449.0,12007.0,337.0,42.2,,236.0,76.5,10655.0,102.4,230.0,25.0,9.4,,123.0,12508.0,296.0,16811.0,,27.6,4215.9,105.3,108.6,1237.2,101.5,101.5,71.2,101.2,7596.0,5.1,6.7,101.1,21031.0,111.6,95.7,100.3,117.2,67.6,118.1,144.4,1139.0,99.5,101.7,310.0,100.5,104.9,1167.7,99.7,101.7
2010-12-31,2010,4,1463.0,107.3,104.1,101.3,104.7,101.8,100.7,102.4,25.5,2.2,102.3,13249.0,105.1,17616.7,16031.9,10117.5,8305.4,-1812.0,6636.9,6537.3,-99.6,109.9,107.2,3585.2,148.2,111.1,98327.0,1595787.0,1377510.0,373766.0,719034.0,13254.0,386.0,52.3,,247.0,88.1,9569.0,101.0,287.0,27.7,9.3,,123.0,15612.0,304.0,17168.0,,34.1,4718.5,108.9,107.6,1286.7,103.7,102.6,70.3,101.1,7603.5,5.1,6.7,111.7,23491.0,112.7,111.6,116.7,118.4,76.0,112.3,132.3,1216.0,106.7,102.4,311.0,100.1,106.6,1246.2,106.7,102.4
2011-03-31,2011,1,733.6,52.8,102.6,102.7,105.2,101.7,105.2,103.8,9.3,,97.6,11954.0,103.3,1949.0,2405.0,1427.1,1505.6,78.5,652.2,737.9,85.7,91.1,105.0,1422.0,38.7,103.9,1726.0,504908.0,476648.0,190428.0,211228.0,7293.0,378.0,39.3,,376.0,81.1,9509.0,101.3,292.0,26.5,8.9,,120.0,14839.0,264.0,17268.0,,37.7,4184.8,85.6,105.0,1250.3,92.3,102.9,69.5,102.0,8010.6,5.5,7.4,91.3,21354.0,111.2,111.7,100.1,124.0,64.7,85.2,144.3,1189.0,97.8,103.8,295.0,96.9,105.5,1212.0,97.3,103.9
2011-06-30,2011,2,1159.1,157.2,99.9,102.0,99.8,101.7,101.9,101.1,11.4,123.0,95.2,13376.0,103.3,6549.4,7992.0,3814.8,4200.0,385.3,2345.7,3122.9,777.2,102.9,106.1,2306.0,161.0,107.8,22315.0,991618.0,978761.0,238148.0,453974.0,9767.0,435.0,54.3,,416.0,77.3,11018.0,100.2,237.0,28.4,8.9,,122.0,16313.0,335.0,16904.0,,23.4,4573.2,107.7,105.8,1356.6,106.5,103.8,70.9,101.0,8253.8,4.8,6.4,108.2,23154.0,112.5,133.5,119.5,140.0,82.3,127.3,143.7,1205.0,101.4,105.2,313.0,105.1,102.5,1232.0,101.6,105.2
2011-09-30,2011,3,1496.2,118.5,105.6,101.5,96.6,101.5,100.9,99.7,13.0,114.5,114.3,14733.0,105.0,11138.6,13496.1,6431.5,7220.2,788.7,4156.7,5079.4,922.7,102.2,105.3,2854.1,120.6,111.3,52999.0,1382810.0,1516015.0,236426.0,629190.0,12131.0,446.0,55.8,,266.0,81.0,10790.0,101.3,235.0,27.1,9.7,,123.0,16433.0,251.0,16798.0,,28.2,4900.5,107.5,107.9,1378.1,99.8,102.4,72.0,101.1,8263.3,4.7,6.1,100.9,23352.0,112.2,128.3,96.1,134.1,83.1,101.0,122.9,1164.0,96.6,102.2,314.0,99.2,101.1,1195.8,97.1,102.4
2011-12-31,2011,4,1751.4,110.9,109.1,102.0,101.7,101.6,100.5,101.4,28.6,2.2,111.8,15904.0,105.2,19994.6,20855.4,10925.6,11367.7,442.0,7679.1,7644.2,-34.9,108.2,103.8,4453.6,153.0,114.8,137870.0,1914115.0,1981014.0,120558.0,768112.0,15053.0,481.0,57.4,,74.9,94.5,9796.0,102.4,288.0,28.3,9.3,,124.0,15271.0,355.0,17144.0,,33.4,5445.8,110.0,109.0,1439.8,104.4,102.8,71.1,101.2,8283.8,4.6,6.1,115.2,26905.0,115.7,141.9,110.6,127.2,88.4,106.4,116.4,1242.0,106.7,102.1,320.0,101.9,102.9,1274.7,106.6,102.3
2012-03-31,2012,1,843.7,50.9,105.3,103.0,102.2,101.2,100.6,101.5,9.8,,105.5,13677.0,104.7,2721.5,2947.4,2065.6,1866.0,-199.7,801.2,874.8,73.6,91.7,104.5,1730.1,38.3,113.9,-853.0,491368.0,491839.0,135644.0,298805.0,11080.0,451.0,44.0,,549.0,86.1,9917.0,104.3,301.0,25.6,9.5,,123.0,16418.0,194.0,18058.0,,38.3,4689.7,84.7,107.9,1364.4,94.2,104.9,70.1,100.8,8687.8,4.7,6.3,90.7,24407.0,114.6,131.0,92.3,117.3,72.2,81.7,111.7,1245.0,100.3,104.8,306.0,96.9,104.0,1270.7,99.7,104.8
2012-06-30,2012,2,1330.7,157.4,105.4,102.0,102.5,101.0,101.7,101.7,11.2,115.0,98.6,14971.0,104.2,8138.9,9189.8,4951.2,5083.3,132.1,2794.4,3278.9,484.5,100.8,102.4,2730.5,156.3,110.6,34094.0,903646.0,921024.0,138032.0,468032.0,14565.0,509.0,55.4,,494.0,81.8,11246.0,102.1,238.0,27.4,9.0,,122.0,18274.0,233.0,17647.0,,22.8,5112.2,107.2,107.4,1461.3,105.4,103.5,71.9,101.5,9150.0,4.1,5.3,108.8,26547.0,115.5,131.2,100.1,98.3,81.9,113.4,99.5,1213.0,97.4,100.7,322.0,105.2,102.9,1241.8,97.7,100.8
2012-09-30,2012,3,1660.2,114.9,102.1,104.4,100.1,101.4,104.3,101.9,13.6,121.0,104.2,16281.0,103.1,13430.8,15024.0,7819.7,8352.1,532.3,4817.8,5213.1,395.3,103.3,103.4,3225.0,115.1,105.5,95575.0,1621236.0,1409589.0,136173.0,781267.0,14645.0,476.0,53.2,,292.0,89.9,11011.0,102.0,235.0,24.9,9.9,,125.0,19470.0,188.0,17800.0,,27.5,5492.4,105.6,105.6,1503.9,99.2,102.7,72.5,100.8,9155.4,3.9,5.1,98.5,26127.0,112.7,125.2,95.4,97.6,87.0,106.2,104.7,1210.0,99.8,104.0,324.0,99.6,103.3,1243.2,100.1,104.0
2012-12-31,2012,4,1879.5,108.0,99.5,102.2,101.8,101.4,100.5,101.4,31.1,2.3,109.1,17247.0,102.0,23174.7,23435.1,12895.0,12855.5,-39.4,8343.2,8064.5,-278.7,108.0,103.2,4900.5,149.7,103.2,157476.0,2082317.0,1833460.0,201356.0,924919.0,17671.0,528.0,58.4,,339.0,96.4,9859.0,100.6,290.0,25.4,9.8,,125.0,17535.0,265.0,16886.0,,31.8,6100.2,109.3,104.9,1596.6,105.5,103.8,71.6,100.8,9168.8,3.9,5.1,115.7,30233.0,113.1,140.0,111.8,98.7,94.6,108.7,107.0,1266.0,104.6,102.0,319.0,98.3,99.7,1299.7,104.5,102.0
2013-03-31,2013,1,939.6,53.6,104.6,108.6,102.1,101.3,101.2,101.9,10.4,,106.5,14577.0,100.7,3110.9,3206.6,2150.3,1981.3,-169.0,923.7,907.4,-16.2,87.8,98.8,1905.4,38.1,102.5,2483.0,318612.0,397591.0,124392.0,173076.0,10512.0,463.0,39.4,,660.0,86.0,9817.0,99.0,295.0,27.9,9.8,,122.0,12519.0,158.0,17283.0,,36.3,5241.3,84.0,104.0,1515.8,93.6,103.1,70.9,101.2,9574.6,4.4,5.8,90.4,27339.0,111.9,125.2,89.4,95.5,76.6,80.9,106.0,1225.0,96.7,98.3,294.0,94.2,95.9,1248.5,96.1,98.3
2013-06-30,2013,2,1395.3,148.6,98.8,102.5,102.1,100.8,101.9,101.6,12.2,116.9,108.3,15828.0,101.2,8871.4,9441.5,4924.2,5115.5,191.3,2956.3,3219.0,262.7,102.8,100.8,2918.7,152.8,100.2,20934.0,681895.0,811881.0,129208.0,395573.0,14392.0,466.0,55.5,,774.0,85.0,11152.0,99.2,241.0,28.8,9.3,,124.0,14657.0,188.0,17396.0,,22.7,5692.8,107.1,103.8,1592.2,103.3,101.1,71.4,99.2,10013.8,4.1,5.4,110.6,30245.0,113.8,127.3,101.7,97.0,84.5,110.3,103.1,1211.0,98.9,99.9,312.0,104.9,96.7,1242.4,99.5,100.0
2013-09-30,2013,3,1719.2,114.8,98.7,101.5,98.8,101.2,104.1,101.2,16.1,132.5,118.5,17451.0,101.3,14623.5,15472.1,7977.9,8418.2,440.2,5080.6,5161.6,81.0,103.1,100.6,3402.9,114.4,99.7,65441.0,1153093.0,1311776.0,118260.0,649769.0,14646.0,465.0,49.4,,200.0,83.4,10651.0,96.7,234.0,29.3,9.9,,126.0,15649.0,134.0,17113.0,,29.0,6052.0,105.8,104.0,1669.9,101.1,103.2,72.0,99.2,10035.0,4.0,5.2,97.8,29578.0,113.2,131.0,103.0,104.7,87.3,103.4,100.4,1217.0,100.5,100.6,319.0,101.2,98.3,1252.2,100.8,100.7
2013-12-31,2013,4,1965.4,109.6,100.1,101.5,103.1,101.1,100.7,101.7,31.8,197.3,102.1,18334.0,102.1,25290.9,24442.7,13342.9,13019.9,-323.0,8806.6,8165.1,-641.5,108.8,101.4,5223.3,151.9,101.1,120979.0,1544702.0,1707119.0,129309.0,781415.0,13687.0,530.0,63.1,,380.0,93.5,9666.0,98.0,280.0,32.0,9.8,,127.0,17296.0,280.0,16953.0,,30.8,6699.8,108.9,103.6,1734.4,103.9,101.2,71.3,99.5,10046.8,4.1,5.5,113.2,33269.0,110.6,139.8,106.7,99.8,93.0,106.4,98.3,1305.0,107.2,103.0,313.0,98.1,98.0,1340.5,107.0,103.1
2014-03-31,2014,1,934.2,51.2,95.6,106.0,103.7,101.4,101.4,102.3,14.0,,130.9,15454.0,100.6,3373.5,3579.8,2261.5,2368.6,107.0,1010.4,863.1,-147.4,87.6,101.1,1863.8,35.7,94.7,2775.0,80903.0,552512.0,133125.0,106501.0,7586.0,448.0,30.0,,551.0,85.2,9565.0,97.4,290.0,27.9,9.8,,123.0,14546.0,150.0,17108.0,,35.3,5792.9,84.2,103.9,1723.0,95.0,101.2,70.8,99.9,10475.5,4.1,5.5,90.3,30057.0,111.1,123.0,88.0,98.3,72.5,78.0,94.7,1244.0,95.3,101.6,294.0,94.2,100.0,1268.9,94.6,101.6
2014-06-30,2014,2,1413.0,151.3,97.3,103.3,103.5,101.5,102.4,102.4,15.7,112.8,128.9,17300.0,100.7,9519.8,10572.3,5406.4,5882.6,476.2,3192.2,3493.1,300.8,103.6,101.8,2942.0,158.2,98.1,24434.0,830370.0,1013834.0,166275.0,345770.0,10763.0,473.0,44.9,,616.0,81.0,11075.0,97.7,239.0,27.0,9.1,,125.0,16329.0,294.0,17919.0,,23.2,6256.7,105.3,102.1,1786.5,101.9,100.7,71.5,100.1,10884.5,3.8,5.0,109.7,32963.0,110.2,132.3,107.6,104.0,80.6,111.2,95.5,1227.0,98.7,101.3,307.0,96.9,98.1,1257.3,99.1,101.2
2014-09-30,2014,3,1756.6,115.7,98.1,102.3,100.4,101.4,102.4,101.4,18.9,119.7,116.4,18722.0,100.9,15631.6,17143.4,8467.4,9439.6,972.3,5421.7,5704.7,283.0,102.7,101.5,3447.6,114.9,98.5,41863.0,1156062.0,1637251.0,134349.0,491403.0,11364.0,389.0,38.3,,227.0,86.6,11108.0,102.8,236.0,25.8,9.7,,126.0,12961.0,172.0,17798.0,,29.0,6697.3,105.6,101.6,1852.0,101.3,101.4,72.2,100.2,10884.7,3.7,4.9,96.3,31730.0,108.3,125.7,95.0,96.0,80.5,99.8,92.2,1206.0,98.3,99.0,315.0,101.5,98.4,1241.2,98.7,99.0
2014-12-31,2014,4,2021.4,110.2,98.6,101.6,107.4,103.6,104.0,104.8,35.6,188.8,110.9,19930.0,100.4,27611.7,26766.1,14831.6,14496.9,-334.7,9353.3,8905.7,-447.6,109.6,102.1,5274.3,149.9,97.2,91446.0,877139.0,2648591.0,164130.0,307569.0,13495.0,430.0,40.8,,369.0,103.0,10004.0,102.2,294.0,26.7,9.8,,126.0,10683.0,237.0,17447.0,,33.4,7609.3,110.0,103.1,1940.8,103.8,101.9,71.7,100.5,10899.7,3.9,5.2,112.5,35685.0,107.7,116.7,92.8,83.5,74.4,92.5,80.0,1278.0,106.0,97.8,315.0,100.0,100.4,1312.6,105.8,97.8
2015-03-31,2015,1,914.6,48.3,93.2,105.0,111.8,106.8,103.3,107.4,18.5,,132.2,16565.0,97.8,4237.1,3403.0,2958.7,2278.9,-679.8,1003.7,803.5,-200.2,85.4,99.6,1969.7,35.5,96.4,-1495.0,815885.0,626913.0,151603.0,176569.0,6623.0,354.0,23.0,,298.0,91.3,9800.0,101.7,292.0,21.8,10.1,,124.0,6702.0,29.0,17812.0,,35.6,6302.4,76.6,93.6,1863.2,93.3,99.7,71.6,99.7,11679.1,4.4,5.7,88.9,31566.0,105.7,89.5,76.7,72.8,45.3,60.8,62.4,1225.0,96.0,98.5,293.0,94.2,99.5,1248.7,95.2,98.4
2015-06-30,2015,2,1317.8,144.2,88.9,102.5,99.6,101.8,101.5,101.0,15.8,85.7,100.5,17491.0,95.4,11360.5,10514.7,6304.5,5360.8,-943.7,3302.9,3846.6,543.7,98.9,95.1,3020.8,152.8,93.3,24332.0,1647368.0,1168579.0,173022.0,483759.0,9211.0,325.0,34.9,,260.0,84.5,11383.0,102.8,242.0,23.0,9.3,,125.0,7953.0,125.0,17171.0,,23.2,6630.2,102.1,90.8,1902.9,100.3,98.1,72.2,99.5,12091.9,4.3,5.6,110.0,34703.0,105.9,91.1,101.8,68.9,48.2,106.4,59.7,1197.0,97.7,97.5,298.0,100.6,97.1,1222.6,97.9,97.2
2015-09-30,2015,3,1607.3,113.9,87.5,101.5,99.2,102.3,104.3,101.7,17.7,111.8,93.8,19305.0,95.9,18168.5,17316.8,9867.0,8959.9,-907.1,5661.9,6144.6,482.7,103.5,95.8,3560.2,114.5,93.2,49519.0,1769066.0,1986605.0,155433.0,518308.0,9980.0,278.0,32.0,,207.0,91.0,11173.0,100.6,238.0,22.8,10.0,,127.0,6589.0,99.0,17547.0,,27.8,7033.1,105.1,90.4,2014.8,102.3,97.4,73.1,99.8,12080.6,4.1,5.3,95.1,32983.0,104.7,79.3,87.0,63.1,50.3,104.5,62.5,1223.0,102.2,101.4,312.0,103.8,99.1,1255.8,102.7,101.2
