date	year	qtr	CPI_rog	IND_PROD_rog	IND_PROD_yoy	I_bln_rub	I_rog	I_yoy	PROD_E_TWh	RETAIL_SALES_bln_rub	RETAIL_SALES_rog	RETAIL_SALES_yoy	TRANS_RAILLOAD_mln_t	TRANS_RAILLOAD_rog	TRANS_RAILLOAD_yoy	USLUGI_bln_rub	USLUGI_rog	USLUGI_yoy	Uslugi_bln_rub	Uslugi_rog	Uslugi_yoy	WAGE_rog	WAGE_rub	WAGE_yoy
1999-03-31	1999	1	116,0			96,8		93,8	243,0	379,0	88,0	88,1	215,0	102,8	103,8	90,6	90,5	104,2	90,6	90,5	104,2	99,4	1248,0	123,0
1999-06-30	1999	2	107,3			131,1		99,2	186,0	416,5	100,8	90,0	234,0	107,6	111,8	102,4	104,5	106,5	102,4	104,5	106,5	121,1	1511,0	141,1
1999-09-30	1999	3	105,6			185,6		105,0	177,0	464,6	105,1	90,3	244,0	103,1	119,5	121,0	109,1	110,0	121,0	109,1	110,0	108,7	1642,0	151,5
1999-12-31	1999	4	103,9			256,9		117,4	240,0	537,3	110,6	103,1	254,0	104,2	118,8	129,7	101,4	104,7	129,7	101,4	104,7	117,4	1927,0	154,4
2000-03-31	2000	1	104,1			165,8		113,5	252,0	517,7	92,4	108,2	253,0	100,8	117,8	122,9	86,9	104,4	122,9	86,9	104,4	98,6	1899,0	157,1
2000-06-30	2000	2	105,3			236,0		119,6	191,0	542,8	101,3	108,7	263,0	103,7	112,3	138,3	107,1	105,1	138,3	107,1	105,1	113,1	2148,0	146,2
2000-09-30	2000	3	104,1			330,2		119,7	184,0	598,4	105,8	109,4	259,0	97,6	106,3	162,9	109,1	105,2	162,9	109,1	105,2	108,8	2336,0	148,0
2000-12-31	2000	4	105,4			433,2		116,1	251,0	693,4	110,5	109,4	272,0	104,7	106,7	178,7	102,8	104,1	178,7	102,8	104,1	113,5	2652,0	141,1
2001-03-31	2001	1	107,1			230,3		107,0	256,0	665,2	91,1	107,9	254,0	95,6	100,2	168,7	85,9	103,2	168,7	85,9	103,2	104,8	2781,0	146,6
2001-06-30	2001	2	105,3			318,8		109,5	195,0	729,6	105,0	111,9	265,0	103,3	100,9	194,2	107,5	103,7	194,2	107,5	103,7	110,8	3082,0	144,6
2001-09-30	2001	3	101,1			421,1		109,9	186,0	783,3	105,7	111,7	268,0	100,3	103,7	219,3	106,9	101,9	219,3	106,9	101,9	110,1	3393,0	147,9
2001-12-31	2001	4	104,1			534,5		111,9	254,0	891,9	110,8	111,9	270,0	100,4	99,5	229,5	99,9	98,7	229,5	99,9	98,7	114,1	3872,0	146,5
2002-03-31	2002	1	105,4	94,0	103,1	270,1		101,3	247,0	828,0	89,2	109,6	248,0	93,9	97,7	232,1	91,3	104,5	232,1	91,3	104,5	99,1	3836,0	138,0
2002-06-30	2002	2	103,4	97,7	101,8	376,4		103,5	196,0	884,2	103,4	108,0	270,0	107,7	101,8	259,0	106,1	103,7	259,0	106,1	103,7	111,0	4257,0	138,1
2002-09-30	2002	3	101,2	104,7	105,1	494,5		102,7	190,0	963,5	107,5	109,9	282,0	103,3	104,9	288,3	106,3	103,4	288,3	106,3	103,4	106,8	4547,0	134,5
2002-12-31	2002	4	104,3	106,8	102,7	621,4		103,1	258,0	1089,7	110,6	109,6	284,0	100,7	105,2	308,6	100,3	103,2	308,6	100,3	103,2	110,4	5018,0	129,9
2003-03-31	2003	1	105,2	98,6	107,7	330,0		110,1	261,0	1013,9	89,4	109,9	269,0	96,9	108,6	312,7	94,8	106,8	312,7	94,8	106,8	95,7	4800,0	125,8
2003-06-30	2003	2	102,6	100,5	109,9	470,6		113,1	204,0	1071,9	103,3	109,8	291,0	106,8	107,8	344,2	105,3	106,6	344,2	105,3	106,6	110,3	5296,0	124,8
2003-09-30	2003	3	100,6	102,8	107,6	607,5		111,8	196,0	1142,5	105,2	107,5	298,0	101,5	105,9	377,8	104,5	105,2	377,8	104,5	105,2	104,8	5549,0	123,0
2003-12-31	2003	4	103,1	108,8	110,2	778,3		113,7	255,0	1301,4	111,1	108,1	302,0	101,3	106,4	396,0	102,5	107,1	396,0	102,5	107,1	115,3	6401,0	128,1
2004-03-31	2004	1	103,5	96,6	108,6	442,2	55,5	118,4	262,0	1237,3	92,4	111,7	289,0	96,7	107,5	393,4	95,3	107,3	393,4	95,3	107,3	96,4	6173,0	127,3
2004-06-30	2004	2	102,5	100,2	108,3	626,3	137,2	116,9	209,0	1322,2	104,5	112,9	304,0	105,2	104,5	430,2	105,3	107,6	430,2	105,3	107,6	107,7	6650,0	125,0
2004-09-30	2004	3	101,8	102,9	108,3	783,3	120,6	111,8	200,0	1430,5	106,0	113,6	312,0	101,6	104,7	473,5	107,0	110,8	473,5	107,0	110,8	104,2	6930,0	123,7
2004-12-31	2004	4	103,4	107,3	106,8	1013,2	124,0	111,2	261,0	1652,5	112,3	114,9	315,0	100,9	104,3	492,7	100,0	107,8	492,7	100,0	107,8	109,4	7582,0	117,5
2005-03-31	2005	1	105,3	94,8	104,9	540,5	51,9	106,3	267,0	1511,2	89,0	110,5	299,0	104,6	103,4	481,6	90,4	103,1	481,6	90,4	103,1	100,7	7638,0	122,6
2005-06-30	2005	2	102,6	100,1	104,8	776,3	139,9	108,4	212,0	1674,9	107,5	113,8	317,0	104,6	104,1	554,6	112,1	109,2	554,6	112,1	109,2	107,9	8234,0	122,4
2005-09-30	2005	3	100,6	103,5	105,4	993,6	123,9	111,4	207,0	1796,8	105,4	113,3	325,0	101,7	104,2	599,7	105,2	107,7	599,7	105,2	107,7	105,3	8674,0	123,9
2005-12-31	2005	4	102,1	107,3	105,4	1300,7	127,2	114,3	267,0	2058,6	112,4	113,5	332,0	102,2	105,3	628,8	101,9	109,2	628,8	101,9	109,2	111,3	9651,0	126,2
2006-03-31	2006	1	105,0	93,6	104,1	658,4	49,6	108,8	281,0	1857,2	87,5	111,4	304,0	93,5	101,2	600,0	89,2	107,3	600,0	89,2	107,3	97,4	9397,0	122,3
2006-06-30	2006	2	101,1	102,5	106,6	1017,6	151,4	117,7	223,0	2068,1	109,6	113,6	330,0	107,6	104,3	689,4	112,2	107,7	689,4	112,2	107,7	110,7	10401,0	125,1
2006-09-30	2006	3	101,0	104,1	107,2	1287,3	122,1	116,1	218,0	2237,3	107,0	115,3	337,0	101,0	103,7	739,9	105,2	107,9	739,9	105,2	107,9	105,5	10949,0	125,1
2006-12-31	2006	4	101,7	107,3	107,1	1766,7	131,8	120,3	274,0	2549,3	112,5	115,3	340,0	100,7	102,4	769,1	102,4	108,4	769,1	102,4	108,4	111,5	12203,0	125,2
2007-03-31	2007	1	103,4	94,2	107,8	897,6	49,4	120,3	276,0	2257,8	87,0	114,8	323,0	99,8	106,3	740,4	89,7	108,7	740,4	89,7	108,7	97,3	11876,0	127,3
2007-06-30	2007	2	102,2	101,8	107,1	1414,4	152,6	121,3	230,0	2542,6	110,6	115,8	336,0	102,8	101,5	842,5	110,5	107,0	842,5	110,5	107,0	109,3	12993,0	125,9
2007-09-30	2007	3	101,8	103,8	106,8	1744,1	117,7	116,9	224,0	2799,2	107,9	116,8	338,0	99,7	100,2	893,4	104,2	106,1	893,4	104,2	106,1	103,9	13494,0	124,0
2007-12-31	2007	4	104,1	106,1	105,6	2660,1	144,9	128,5	285,0	3269,4	112,5	116,8	348,0	102,8	102,3	930,7	103,1	106,9	930,7	103,1	106,9	116,7	15742,0	129,3
2008-03-31	2008	1	104,8	94,6	106,0	1314,6	47,4	123,4	291,0	2957,8	87,5	117,4	340,0	98,8	105,3	900,2	90,3	107,4	900,2	90,3	107,4	97,7	15424,0	128,0
2008-06-30	2008	2	103,8	100,2	104,3	1991,5	145,4	117,6	238,0	3331,7	108,4	115,1	338,0	99,4	100,7	1006,7	108,3	105,4	1006,7	108,3	105,4	110,0	16962,0	129,2
2008-09-30	2008	3	101,7	101,4	101,9	2369,0	112,4	112,3	236,0	3664,1	108,0	115,2	337,0	98,8	99,7	1080,8	103,9	105,1	1080,8	103,9	105,1	103,6	17556,0	129,0
2008-12-31	2008	4	102,5	94,6	90,9	3106,5	127,4	98,7	276,0	3990,6	106,3	108,8	289,0	85,7	83,1	1092,1	99,5	101,8	1092,1	99,5	101,8	108,0	18966,0	119,5
2009-03-31	2009	1	105,4	86,7	83,3	1224,3	39,4	82,0	274,0	3330,6	80,8	100,4	248,0	87,6	72,9	1031,6	87,8	99,1	1031,6	87,8	99,1	92,0	17441,0	112,8
2009-06-30	2009	2	101,9	102,7	85,4	1722,1	140,3	79,1	221,0	3513,2	102,3	94,8	273,0	109,2	80,9	1095,1	104,4	95,3	1095,1	104,4	95,3	105,6	18419,0	108,0
2009-09-30	2009	3	100,6	104,6	88,1	2061,0	116,9	82,3	218,0	3688,1	103,8	91,1	296,0	107,1	87,7	1131,8	101,9	93,6	1131,8	101,9	93,6	101,4	18673,0	105,7
2009-12-31	2009	4	100,7	108,5	101,0	2968,6	140,5	90,7	279,0	4067,3	109,9	94,3	291,0	98,5	100,9	1161,5	102,2	95,6	1161,5	102,2	95,6	110,7	20670,0	108,4
2010-03-31	2010	1	103,2	93,1	108,4	1242,9	41,3	95,2	290,0	3634,0	87,7	102,4	279,0	97,9	112,8	1122,9	91,9	99,9	1122,9	91,9	99,9	93,9	19485,0	110,5
2010-06-30	2010	2	101,2	101,9	107,6	1962,5	155,6	105,6	232,0	3943,6	107,0	107,0	305,0	108,2	111,8	1204,2	105,7	101,6	1204,2	105,7	101,6	106,8	20809,0	112,4
2010-09-30	2010	3	101,8	102,9	105,9	2361,5	116,6	105,3	230,0	4215,9	105,3	108,6	310,0	100,5	104,9	1237,2	101,5	101,5	1237,2	101,5	101,5	101,1	21031,0	111,6
2010-12-31	2010	4	102,4	109,9	107,2	3585,2	148,2	111,1	287,0	4718,5	108,9	107,6	311,0	100,1	106,6	1286,7	103,7	102,6	1286,7	103,7	102,6	111,7	23491,0	112,7
2011-03-31	2011	1	103,8	91,1	105,0	1422,0	38,7	103,9	292,0	4184,8	85,6	105,0	295,0	96,9	105,5	1250,3	92,3	102,9	1250,3	92,3	102,9	91,3	21354,0	111,2
2011-06-30	2011	2	101,1	102,9	106,1	2306,0	161,0	107,8	237,0	4573,2	107,7	105,8	313,0	105,1	102,5	1356,6	106,5	103,8	1356,6	106,5	103,8	108,2	23154,0	112,5
2011-09-30	2011	3	99,7	102,2	105,3	2854,1	120,6	111,3	235,0	4900,5	107,5	107,9	314,0	99,2	101,1	1378,1	99,8	102,4	1378,1	99,8	102,4	100,9	23352,0	112,2
2011-12-31	2011	4	101,4	108,2	103,8	4453,6	153,0	114,8	288,0	5445,8	110,0	109,0	320,0	101,9	102,9	1439,8	104,4	102,8	1439,8	104,4	102,8	115,2	26905,0	115,7
2012-03-31	2012	1	101,5	91,7	104,5	1730,1	38,3	113,9	301,0	4689,7	84,7	107,9	306,0	96,9	104,0	1364,4	94,2	104,9	1364,4	94,2	104,9	90,7	24407,0	114,6
2012-06-30	2012	2	101,7	100,8	102,4	2730,5	156,3	110,6	238,0	5112,2	107,2	107,4	322,0	105,2	102,9	1461,3	105,4	103,5	1461,3	105,4	103,5	108,8	26547,0	115,5
2012-09-30	2012	3	101,9	103,3	103,4	3225,0	115,1	105,5	235,0	5492,4	105,6	105,6	324,0	99,6	103,3	1503,9	99,2	102,7	1503,9	99,2	102,7	98,5	26127,0	112,7
2012-12-31	2012	4	101,4	108,0	103,2	4900,5	149,7	103,2	290,0	6100,2	109,3	104,9	319,0	98,3	99,7	1596,6	105,5	103,8	1596,6	105,5	103,8	115,7	30233,0	113,1
2013-03-31	2013	1	101,9	87,8	98,8	1905,4	38,1	102,5	295,0	5241,3	84,0	104,0	294,0	94,2	95,9	1515,8	93,6	103,1	1515,8	93,6	103,1	90,4	27339,0	111,9
2013-06-30	2013	2	101,6	102,8	100,8	2918,7	152,8	100,2	241,0	5692,8	107,1	103,8	312,0	104,9	96,7	1592,2	103,3	101,1	1592,2	103,3	101,1	110,6	30245,0	113,8
2013-09-30	2013	3	101,2	103,1	100,6	3402,9	114,4	99,7	234,0	6052,0	105,8	104,0	319,0	101,2	98,3	1669,9	101,1	103,2	1669,9	101,1	103,2	97,8	29578,0	113,2
2013-12-31	2013	4	101,7	108,8	101,4	5223,3	151,9	101,1	280,0	6699,8	108,9	103,6	313,0	98,1	98,0	1734,4	103,9	101,2	1734,4	103,9	101,2	113,2	33269,0	110,6
2014-03-31	2014	1	102,3	87,6	101,1	1863,8	35,7	94,7	290,0	5792,9	84,2	103,9	294,0	94,2	100,0	1723,0	95,0	101,2	1723,0	95,0	101,2	90,3	30057,0	111,1
2014-06-30	2014	2	102,4	103,6	101,8	2942,0	158,2	98,1	239,0	6256,7	105,3	102,1	306,0	96,9	98,1	1786,5	101,9	100,7	1786,5	101,9	100,7	109,7	32963,0	110,2
2014-09-30	2014	3	101,4	102,7	101,5	3447,6	114,9	98,5	236,0	6697,3	105,6	101,6	314,0	101,5	98,4	1852,0	101,3	101,4	1852,0	101,3	101,4	96,3	31730,0	108,3
2014-12-31	2014	4	104,8	109,6	102,1	5274,3	149,9	97,2	294,0	7609,3	110,0	103,1	314,0	100,0	100,4	1940,8	103,8	101,9	1940,8	103,8	101,9	112,5	35685,0	107,7
2015-03-31	2015	1	107,4	85,4	99,6	1969,7	35,5	96,4	292,0	6302,4	76,6	93,6	293,0	94,2	99,4	1863,2	93,3	99,7	1863,2	93,3	99,7	88,9	31566,0	105,7
2015-06-30	2015	2	101,0	98,9	95,1	3020,8	152,8	93,3	242,0	6620,1	101,9	90,6	298,0		97,1	1894,3	99,9	97,7	1894,3	99,9	97,7	110,5	34875,0	106,4
""
