time_index,year,qtr,AGRO_PRODUCTION_rog,CPI_ALCOHOL_rog,CPI_FOOD_rog,CPI_NONFOOD_rog,CPI_SERVICES_rog,CPI_rog,GDP_bln_rub,GDP_yoy,GOV_CONSOLIDATED_EXPENSE_ACCUM_bln_rub,GOV_CONSOLIDATED_REVENUE_ACCUM_bln_rub,GOV_FEDERAL_EXPENSE_ACCUM_bln_rub,GOV_FEDERAL_REVENUE_ACCUM_bln_rub,GOV_FEDERAL_SURPLUS_ACCUM_bln_rub,GOV_SUBFEDERAL_EXPENSE_ACCUM_bln_rub,GOV_SUBFEDERAL_REVENUE_ACCUM_bln_rub,GOV_SUBFEDERAL_SURPLUS_ACCUM_bln_rub,HH_REAL_DISPOSABLE_INCOME_yoy,IND_PROD_rog,IND_PROD_yoy,I_EXSB_FUNDING_EXTERNAL_FUNDS_BUDGET_FEDERAL_bln_rub,I_EXSB_FUNDING_EXTERNAL_FUNDS_BUDGET_SUBFEDERAL_bln_rub,I_EXSB_FUNDING_EXTERNAL_FUNDS_BUDGET_bln_rub,I_EXSB_FUNDING_EXTERNAL_FUNDS_bln_rub,I_EXSB_FUNDING_OWN_FUNDS_bln_rub,I_bln_rub,NONFINANCIALS_PROFIT_CONSTRUCTION_bln_rub,NONFINANCIALS_PROFIT_MANUF_bln_rub,NONFINANCIALS_PROFIT_MINING_bln_rub,NONFINANCIALS_PROFIT_POWER_GAS_WATER_bln_rub,NONFINANCIALS_PROFIT_TRANS_COMM_bln_rub,PROD_AGRO_EGGS_mln,PROD_AGRO_EGGS_yoy,PROD_AGRO_MEAT_th_t,PROD_AGRO_MEAT_yoy,PROD_AUTO_BUS_units,PROD_AUTO_PSGR_th,PROD_AUTO_TRUCKS_AND_CHASSIS_th,PROD_AUTO_TRUCKS_th,PROD_BYCYCLES_th,PROD_COAL_mln_t,PROD_E_TWh,PROD_FOOTWEAR_mln_pair,PROD_GASOLINE_mln_t,PROD_NATURAL_AND_ASSOC_GAS_bln_m3,PROD_NATURAL_GAS_bln_m3,PROD_OIL_mln_t,PROD_PAPER_th_t,PROD_RAILWAY_CARGO_WAGONS_units,PROD_RAILWAY_PSGR_WAGONS_units,PROD_STEEL_th_t,PROD_WOOD_INDUSTRIAL_mln_solid_m3,PROD_WOOD_ROUGH_mln_solid_m3,RETAIL_SALES_FOOD_INCBEV_AND_TABACCO_bln_rub,RETAIL_SALES_NONFOOD_GOODS_bln_rub,RETAIL_SALES_bln_rub,RETAIL_USLUGI_bln_rub,SOC_MONEY_INCOME_PER_CAPITA_rub,SOC_PENSION_rub,SOC_REAL_MONEY_INCOME_yoy,SOC_UNEMPLOYED_REGISTERED_BENEFITS_th,SOC_UNEMPLOYED_REGISTERED_th,SOC_UNEMPLOYED_bln,SOC_UNEMPLOYMENT_RATE_percent,SOC_WAGE_rub,TRADE_GOODS_EXPORT_bln_usd,TRADE_GOODS_IMPORT_bln_usd,TRANS_COM_bln_t_km,TRANS_COM_yoy,TRANS_RAILLOAD_mln_t,TRANS_RAILLOAD_yoy,TRANS_bln_t_km,TURNOVER_CATERING_bln_rub
1999-03-31,1999,1,97.2,118.2,118.4,114.0,109.5,116.0,901.0,98.1,103.1,99.3,61.0,54.7,-6.3,49.2,51.7,2.5,75.8,,,3.3,6.0,11.6,33.2,49.4,96.8,1039.0,13679.0,16080.0,-490.0,13312.0,7516.0,97.1,1427.0,92.3,14486.0,230.0,,39.6,92.4,67.1,243.0,5.6,6.0,,161.0,71.9,681.0,1051.0,143.0,11265.0,23.9,,186.8,192.2,379.0,90.6,1302.8,403.1,75.9,1760.0,1938.0,10.2,14.3,1248.0,15.3,9.1,821.0,100.9,215.0,103.8,841.3,12.4
1999-06-30,1999,2,99.9,106.8,106.4,108.6,109.0,107.3,1102.0,103.1,380.8,349.9,213.4,173.7,-39.7,185.0,193.8,8.8,80.5,,,5.7,12.2,19.9,49.7,56.7,131.1,4713.0,46463.0,40142.0,1932.0,35059.0,9086.0,98.2,1257.0,89.6,12413.0,243.0,,43.3,125.0,57.3,186.0,7.8,6.4,,142.0,73.3,717.0,1133.0,169.0,12765.0,15.7,,204.3,212.2,416.5,102.4,1568.5,438.0,81.0,1566.0,1724.0,9.4,13.0,1511.0,17.1,10.1,831.0,106.5,234.0,111.8,852.6,14.0
1999-09-30,1999,3,105.7,106.0,104.3,107.2,107.2,105.6,1373.0,111.4,694.4,658.7,381.7,334.3,-47.4,345.5,356.7,11.2,90.0,,,14.9,13.9,28.8,76.4,77.0,185.6,8943.0,84184.0,67798.0,4726.0,60062.0,9077.0,104.5,1402.0,87.5,11300.0,243.0,,44.3,112.0,56.2,177.0,8.2,7.2,,131.0,74.7,752.0,1085.0,194.0,13561.0,17.1,,222.6,242.0,464.6,121.0,1700.3,455.5,90.8,1250.0,1421.0,8.9,12.3,1642.0,18.9,9.5,833.0,109.0,244.0,119.5,857.9,15.2
1999-12-31,1999,4,107.0,107.1,102.8,104.9,104.7,103.9,1447.0,112.0,1258.0,1213.6,666.9,615.5,-51.4,653.8,660.8,7.0,101.8,,,13.6,23.8,38.9,117.9,121.8,256.9,14822.0,137998.0,109148.0,8241.0,97060.0,7456.0,105.5,2727.0,92.2,11822.0,238.0,,48.9,95.6,68.9,240.0,8.3,6.6,,158.0,75.0,818.0,871.0,210.0,13927.0,19.1,,252.4,284.9,537.3,129.7,2071.8,499.5,102.4,1096.0,1269.0,9.1,12.5,1927.0,24.3,10.8,887.0,107.1,254.0,118.8,909.6,18.2
2000-03-31,2000,1,103.9,114.3,101.4,105.0,108.0,104.1,1527.0,111.4,184.8,217.4,111.2,138.3,27.1,82.3,87.8,5.5,111.6,,,6.7,20.8,27.4,63.6,84.1,165.8,6506.0,58156.0,42820.0,4263.0,38674.0,7854.0,104.5,1442.0,101.1,12191.0,239.0,,45.2,144.0,71.1,252.0,7.8,6.4,,159.0,75.0,809.0,1075.0,182.0,14380.0,26.5,,242.6,275.1,517.7,122.9,1851.2,582.6,112.9,1052.0,1222.0,8.8,12.1,1899.0,23.9,10.0,886.0,107.9,253.0,117.8,907.8,18.2
2000-06-30,2000,2,101.6,103.4,106.1,103.5,106.6,105.3,1697.0,110.2,609.5,717.7,333.9,415.5,81.6,311.6,338.2,26.6,113.9,,,12.4,35.2,47.6,106.1,111.1,236.0,13461.0,118956.0,85725.0,9182.0,77801.0,9343.0,102.8,1315.0,104.6,13713.0,238.0,,46.4,191.0,60.5,191.0,8.2,6.5,,138.0,76.8,829.0,1241.0,193.0,14887.0,16.7,,252.5,290.3,542.8,138.3,2166.8,667.1,114.8,911.0,1076.0,7.7,10.4,2148.0,25.5,10.4,867.0,104.3,263.0,112.3,889.4,19.8
2000-09-30,2000,3,110.0,103.3,102.6,104.3,109.8,104.1,2038.0,110.5,1058.3,1232.3,556.0,693.0,137.0,565.1,602.1,37.0,114.1,,,22.2,47.7,70.0,169.2,134.5,330.2,21976.0,192003.0,135333.0,15574.0,123448.0,9155.0,100.9,1482.0,105.7,14173.0,255.0,,47.0,135.0,55.6,184.0,8.0,7.3,,131.0,79.9,821.0,796.0,190.0,15172.0,17.4,,276.0,322.4,598.4,162.9,2341.0,729.7,115.6,835.0,981.0,7.2,9.9,2336.0,26.6,11.1,868.0,104.2,259.0,106.3,895.8,21.3
2000-12-31,2000,4,102.4,102.3,106.1,104.6,105.7,105.4,2044.0,108.2,1960.1,2097.7,1029.2,1132.1,102.9,1032.1,1065.8,33.8,109.7,,,21.6,47.5,87.1,214.2,170.9,433.2,30359.0,266128.0,188810.0,21280.0,171970.0,7733.0,103.7,2790.0,102.3,13924.0,237.0,,45.9,169.0,70.7,251.0,8.0,7.0,,156.0,81.1,867.0,917.0,237.0,14658.0,20.0,,322.1,371.3,693.4,178.7,2777.1,797.9,111.5,871.0,1002.0,7.1,9.8,2652.0,29.1,13.4,921.0,103.8,272.0,106.7,945.3,24.0
2001-03-31,2001,1,101.5,103.3,107.9,104.0,112.9,107.1,1901.0,104.7,267.0,316.5,170.4,200.1,29.7,130.3,150.1,19.8,107.8,,,8.5,27.2,37.0,99.2,97.7,230.3,8091.0,72158.0,52909.0,5344.0,47831.0,7737.0,98.5,1453.0,100.7,11419.0,246.0,,40.6,148.0,72.7,256.0,8.1,6.9,,157.0,79.5,849.0,926.0,191.0,14227.0,26.6,,309.8,355.4,665.2,168.7,2486.4,880.3,109.3,954.0,1083.0,7.0,9.8,2781.0,25.6,11.3,893.0,100.8,254.0,100.2,914.9,24.4
2001-06-30,2001,2,103.0,102.5,106.8,102.4,107.3,105.3,2105.0,105.0,822.0,999.7,465.0,585.3,120.3,444.7,502.1,57.4,107.5,,,18.3,40.6,60.8,159.6,153.6,318.8,16434.0,144974.0,104123.0,11277.0,94571.0,9700.0,103.8,1293.0,98.3,12232.0,251.0,,39.4,170.0,62.4,195.0,9.6,6.7,,138.0,82.9,837.0,1407.0,206.0,15113.0,17.9,,337.4,392.2,729.6,194.2,2950.4,984.1,108.9,915.0,1046.0,6.2,8.7,3082.0,26.2,13.6,904.0,104.3,265.0,100.9,927.8,28.2
2001-09-30,2001,3,111.0,103.0,97.9,102.5,107.9,101.1,2488.0,106.0,1445.1,1675.7,804.8,979.4,174.6,786.3,842.3,56.0,111.2,,,21.3,48.6,75.4,186.3,170.8,421.1,23785.0,210079.0,151244.0,16252.0,137294.0,9708.0,106.0,1491.0,100.7,16176.0,260.0,,43.1,121.0,63.9,186.0,8.9,7.0,,125.0,86.6,875.0,1737.0,245.0,15112.0,18.4,,361.7,421.6,783.3,219.3,3193.2,1093.6,112.2,877.0,1006.0,6.2,8.5,3393.0,25.6,13.2,902.0,103.9,268.0,103.7,932.3,30.6
2001-12-31,2001,4,103.5,103.2,104.5,103.3,104.8,104.1,2450.0,104.5,2419.4,2683.7,1321.9,1594.0,272.1,1330.2,1322.4,-7.8,108.8,,,29.5,50.9,99.7,230.5,238.2,534.5,32331.0,286115.0,206748.0,21945.0,187521.0,8097.0,104.7,2802.0,100.4,16679.0,265.0,,49.5,74.5,70.5,254.0,10.3,7.0,,161.0,87.6,881.0,2448.0,217.0,14578.0,20.5,,407.9,484.0,891.9,229.5,3649.6,1136.2,110.1,947.0,1066.0,6.2,8.7,3872.0,24.6,15.6,952.0,103.4,270.0,99.5,978.6,33.8
2002-03-31,2002,1,104.6,103.3,104.3,102.7,114.5,105.4,2262.0,103.8,342.6,453.8,217.3,306.4,89.1,167.7,189.8,22.1,109.9,94.0,103.1,7.7,27.4,38.0,97.1,112.2,270.1,2513.0,30761.0,33999.0,-566.0,28418.0,8344.0,107.8,1527.0,105.1,17021.0,249.0,,38.7,126.0,63.0,247.0,9.4,7.0,,160.0,86.6,873.0,2122.0,147.0,14165.0,27.7,,393.7,434.3,828.0,232.1,3219.7,1297.7,109.9,1110.0,1297.0,6.0,8.4,3836.0,21.9,12.3,937.0,105.0,248.0,97.7,961.1,32.1
2002-06-30,2002,2,102.5,101.9,103.2,103.1,105.1,103.4,2529.0,104.4,1122.2,1326.7,674.3,822.2,147.9,570.8,627.4,56.6,109.5,97.7,101.8,21.3,42.2,68.1,174.3,177.2,376.4,7355.0,78522.0,75288.0,1414.0,64475.0,10113.0,104.3,1390.0,107.5,14624.0,262.0,,41.8,162.0,57.1,196.0,10.9,6.7,,143.0,89.5,871.0,2206.0,233.0,14955.0,17.3,,420.3,463.9,884.2,259.0,3735.2,1334.4,109.5,1098.0,1336.0,5.6,7.7,4257.0,26.3,14.8,951.0,105.2,270.0,101.8,976.2,36.9
2002-09-30,2002,3,97.1,101.6,98.2,102.1,107.3,101.2,3013.0,104.4,1967.6,2218.1,1164.6,1388.1,223.5,1004.0,1031.0,27.0,109.1,104.7,105.1,23.7,54.1,81.8,213.9,169.8,494.5,17690.0,170094.0,141617.0,8398.0,124603.0,9655.0,99.4,1532.0,102.7,16982.0,275.0,,44.4,128.0,61.4,190.0,11.3,7.6,,131.0,94.4,906.0,2958.0,250.0,15539.0,18.4,,443.6,519.9,963.5,288.3,4012.3,1420.2,109.2,1047.0,1331.0,5.5,7.4,4547.0,28.9,15.7,965.0,107.0,282.0,104.9,997.2,39.8
2002-12-31,2002,4,107.2,101.8,105.3,102.5,105.5,104.3,3027.0,106.2,3422.3,3519.2,2054.2,2204.7,150.5,1687.2,1633.6,-53.6,115.5,106.8,102.7,36.1,54.6,101.7,315.8,195.4,621.4,22279.0,212476.0,174694.0,11039.0,154100.0,8266.0,102.1,2925.0,104.4,18065.0,195.0,,47.7,92.5,74.3,258.0,10.6,7.7,,162.0,96.5,902.0,3454.0,237.0,15224.0,20.8,,496.3,593.4,1089.7,308.6,4785.1,1461.7,114.0,1104.0,1428.0,6.3,8.6,5018.0,30.2,18.1,1015.0,106.6,284.0,105.2,1041.7,43.8
2003-03-31,2003,1,99.4,104.0,104.9,102.8,110.6,105.2,2851.0,107.5,451.3,540.5,293.0,368.0,75.0,206.6,220.8,14.2,118.3,98.6,107.7,13.4,31.0,46.2,135.8,130.7,330.0,2836.0,63679.0,48122.0,23209.0,38043.0,8385.0,100.5,1663.0,108.9,17363.0,201.0,,42.3,143.0,73.3,261.0,11.5,7.1,,163.0,96.0,878.0,5290.0,230.0,15135.0,29.2,,469.7,544.2,1013.9,312.7,4353.9,1488.8,117.5,1384.0,1600.0,6.4,9.0,4800.0,31.1,16.0,1009.0,107.6,269.0,108.6,1032.9,40.5
2003-06-30,2003,2,97.1,101.7,102.6,101.8,104.5,102.6,3102.0,107.9,1395.7,1624.5,855.5,1029.2,173.7,684.1,739.2,55.1,115.4,100.5,109.9,26.1,50.6,80.8,234.1,190.4,470.6,9727.0,170717.0,126891.0,25864.0,81396.0,10284.0,101.7,1492.0,107.3,17883.0,259.0,,47.3,152.0,62.7,204.0,11.7,7.1,,148.0,99.9,908.0,6258.0,242.0,15883.0,18.2,,503.0,568.9,1071.9,344.2,4916.8,1608.6,114.8,1343.0,1584.0,5.8,8.2,5296.0,31.7,18.2,1024.0,107.7,291.0,107.8,1049.6,45.8
2003-09-30,2003,3,98.3,101.6,98.4,101.9,103.6,100.6,3600.0,106.1,2397.1,2658.5,1454.2,1678.0,223.8,1182.9,1220.5,37.6,112.9,102.8,107.6,36.3,52.0,91.2,254.7,214.4,607.5,20174.0,262921.0,180819.0,10017.0,151173.0,9747.0,101.0,1615.0,105.4,19892.0,284.0,,51.4,73.8,64.5,196.0,11.3,7.4,,142.0,105.0,931.0,6904.0,261.0,15956.0,19.6,,527.2,615.3,1142.5,377.8,5147.8,1701.4,112.5,1239.0,1523.0,5.7,7.8,5549.0,34.9,19.6,1039.0,107.7,298.0,105.9,1072.1,49.8
2003-12-31,2003,4,106.0,102.4,104.1,102.4,102.1,103.1,3655.0,107.6,3964.9,4138.7,2358.6,2586.2,227.6,1984.3,1930.5,-53.8,114.6,108.8,110.2,46.7,86.4,139.8,375.2,289.6,778.3,31922.0,339308.0,241097.0,22194.0,213945.0,8209.0,99.3,2988.0,102.2,21090.0,267.0,,51.9,46.6,76.2,255.0,12.9,7.7,,167.0,107.0,965.0,8521.0,292.0,15865.0,23.3,,591.8,709.6,1301.4,396.0,6204.8,1749.0,114.6,1248.0,1573.0,5.8,7.9,6401.0,38.2,22.3,1099.0,108.3,302.0,106.4,1127.8,56.6
2004-03-31,2004,1,99.0,103.5,103.9,101.4,106.4,103.5,3516.0,107.2,504.5,624.6,319.2,434.7,115.5,234.0,238.6,4.6,113.0,96.6,108.6,11.8,36.0,49.9,186.1,151.1,442.2,1072.0,117896.0,82429.0,40334.0,63868.0,8213.0,98.0,1660.0,99.8,16933.0,258.0,,49.2,101.0,73.8,262.0,10.9,7.2,,168.0,107.0,983.0,8886.0,257.0,16011.0,30.9,,573.7,663.6,1237.3,393.4,5526.2,1763.7,114.1,1304.0,1657.0,6.3,8.8,6173.0,37.3,19.9,1086.0,107.6,289.0,107.5,1111.2,52.1
2004-06-30,2004,2,99.6,101.9,102.1,102.0,104.3,102.5,3972.0,108.0,1605.9,1964.3,974.3,1229.6,255.3,783.6,886.7,103.1,108.4,100.2,108.3,21.8,53.7,79.5,224.9,237.9,626.3,9098.0,272123.0,180216.0,34683.0,126825.0,9842.0,95.7,1513.0,101.4,19246.0,278.0,,51.3,128.0,65.4,209.0,11.7,7.3,,153.0,109.0,949.0,8531.0,301.0,16274.0,18.6,,614.5,707.7,1322.2,430.2,5964.2,1889.1,109.6,1257.0,1598.0,5.4,7.3,6650.0,43.2,23.0,1099.0,107.3,304.0,104.5,1126.2,58.7
2004-09-30,2004,3,104.4,101.3,101.1,102.0,103.0,101.8,4594.0,107.3,2766.4,3380.6,1630.7,2114.9,484.2,1381.0,1511.0,130.0,109.5,102.9,108.3,33.1,64.1,102.0,307.9,260.0,783.3,18513.0,433561.0,340522.0,42640.0,202496.0,9575.0,98.2,1654.0,102.5,21651.0,303.0,,54.5,66.0,65.4,200.0,11.4,7.8,,144.0,114.0,980.0,8722.0,306.0,16757.0,19.7,,650.4,780.1,1430.5,473.5,6345.3,1978.9,110.5,1302.0,1599.0,5.2,7.0,6930.0,48.5,25.0,1108.0,106.6,312.0,104.7,1141.7,63.5
2004-12-31,2004,4,102.2,101.8,105.3,101.8,103.0,103.4,4945.0,106.2,4669.7,5429.9,2698.9,3428.9,730.0,2373.0,2403.2,30.2,110.8,107.3,106.8,49.4,101.8,162.6,485.4,352.4,1013.2,33047.0,601635.0,425039.0,82676.0,263439.0,8271.0,100.8,3004.0,100.5,17894.0,271.0,,45.2,48.8,77.1,261.0,12.4,8.2,,168.0,113.0,991.0,9201.0,347.0,16603.0,23.0,,741.7,910.8,1652.5,492.7,7711.2,2026.3,110.8,1533.0,1824.0,5.7,7.8,7582.0,54.3,29.5,1148.0,104.5,315.0,104.3,1179.0,71.8
2005-03-31,2005,1,99.6,102.6,105.4,101.1,112.6,105.3,4459.0,105.6,631.1,1090.4,445.5,749.9,304.4,262.3,417.1,154.9,105.9,94.8,104.9,15.0,39.7,57.3,213.8,196.0,540.5,-724.0,231024.0,132118.0,57179.0,76661.0,8342.0,101.6,1615.0,97.3,15442.0,244.0,,41.6,47.9,76.7,267.0,10.4,7.7,,171.0,110.0,992.0,8921.0,254.0,16433.0,32.3,,696.3,814.9,1511.2,481.6,6567.8,2125.4,104.7,1660.0,1984.0,5.7,7.8,7638.0,49.1,25.3,1113.0,102.5,299.0,103.4,1140.8,66.3
2005-06-30,2005,2,100.4,101.7,103.9,101.3,102.6,102.6,5078.0,106.0,1987.8,2907.4,1228.6,1966.8,738.2,959.5,1140.8,181.3,115.1,100.1,104.8,34.1,70.1,111.5,307.1,270.2,776.3,6795.0,445631.0,368190.0,72960.0,143951.0,10225.0,103.9,1487.0,98.3,19386.0,257.0,,51.6,88.0,67.5,212.0,12.5,7.6,,154.4,112.0,976.0,8814.0,255.0,16229.0,19.1,,777.2,897.7,1674.9,554.6,7748.6,2324.2,113.8,1562.0,1890.0,5.1,7.0,8234.0,58.7,28.9,1130.0,102.8,317.0,104.1,1160.5,78.1
2005-09-30,2005,3,103.0,101.5,98.0,102.1,102.6,100.6,5845.0,106.0,3445.2,4801.3,2063.7,3236.6,1172.9,1700.0,1883.1,183.1,114.0,103.5,105.4,52.4,88.9,146.2,362.4,332.2,993.6,21787.0,724668.0,612183.0,79996.0,231139.0,9930.0,103.7,1644.0,99.4,18531.0,282.0,,57.7,53.7,70.3,207.0,12.3,8.4,,144.0,115.0,1019.0,7190.0,343.0,16338.0,22.0,,817.9,978.9,1796.8,599.7,8129.5,2466.6,113.3,1476.0,1760.0,5.1,6.8,8674.0,64.0,32.1,1125.0,101.6,325.0,104.2,1161.5,83.7
2005-12-31,2005,4,100.6,101.6,102.5,101.8,102.2,102.1,6228.0,107.8,6820.6,8579.6,3514.3,5127.2,1612.9,2941.2,2999.9,58.7,114.1,107.3,105.4,100.7,157.4,274.2,722.7,488.8,1300.7,39804.0,943674.0,804198.0,117805.0,326903.0,8643.0,104.5,2980.0,99.2,24876.0,285.0,,54.1,46.4,84.0,267.0,12.0,8.3,,171.4,116.0,1014.0,10235.0,369.0,17262.0,24.7,,926.2,1132.4,2058.6,628.8,9841.2,2539.9,114.2,1494.0,1753.0,5.2,7.0,9651.0,68.3,37.6,1182.0,102.8,332.0,105.3,1212.6,95.3
2006-03-31,2006,1,101.5,102.2,107.1,101.3,108.0,105.0,5793.0,107.3,702.9,1151.3,485.0,875.8,390.8,295.2,352.7,57.5,109.9,93.6,104.1,12.5,41.9,58.2,242.0,231.3,658.4,186.0,273745.0,199798.0,67163.0,93513.0,8672.0,104.0,1670.0,103.4,19263.0,256.0,,50.0,169.0,80.2,281.0,12.7,8.1,,174.0,112.0,1007.0,7708.0,339.0,17008.0,30.9,,856.2,1001.0,1857.2,600.0,8171.5,2538.9,111.8,1603.0,1883.0,5.6,7.6,9397.0,66.4,30.7,1135.0,102.0,304.0,101.2,1163.4,85.6
2006-06-30,2006,2,101.2,101.8,100.6,101.0,101.9,101.1,6368.0,108.1,2365.5,3560.2,1502.1,2396.8,894.7,1080.0,1379.9,300.0,115.5,102.5,106.6,47.2,72.4,125.8,400.0,336.8,1017.6,16499.0,624789.0,416631.0,76006.0,210917.0,10332.0,101.0,1585.0,106.6,21683.0,297.0,,61.7,340.0,72.6,223.0,15.1,8.0,,158.0,115.0,1020.0,8940.0,370.0,17940.0,19.9,,944.8,1123.3,2068.1,689.4,9899.4,2726.9,116.3,1531.0,1800.0,5.5,7.3,10401.0,75.6,38.8,1163.0,102.9,330.0,104.3,1193.6,102.1
2006-09-30,2006,3,100.8,103.2,99.0,101.9,101.8,101.0,7276.0,108.2,4737.8,6715.3,2539.3,4028.7,1489.4,1979.4,2378.4,399.0,114.5,104.1,107.2,63.5,113.3,185.0,529.5,394.2,1287.3,38884.0,1031527.0,687520.0,53578.0,346469.0,10196.0,102.7,1736.0,105.6,24453.0,305.0,,65.1,285.0,71.2,218.0,14.6,9.2,,151.0,118.0,1034.0,6758.0,413.0,17608.0,21.9,,1004.6,1232.7,2237.3,739.9,10217.7,2799.5,114.4,1459.0,1695.0,4.9,6.6,10949.0,78.7,42.1,1175.0,104.4,337.0,103.7,1209.4,113.2
2006-12-31,2006,4,109.2,102.6,101.7,101.6,101.6,101.7,7480.0,108.9,8375.2,10625.8,4284.8,6278.9,1994.1,3657.7,3797.3,139.6,113.7,107.3,107.1,144.2,218.8,400.2,1033.9,641.3,1766.7,66431.0,1483567.0,712883.0,90461.0,410994.0,9016.0,104.3,3073.0,103.1,23256.0,320.0,,68.5,254.0,86.0,274.0,14.9,9.1,,173.0,118.0,977.0,10250.0,435.0,18259.0,25.6,,1141.8,1407.5,2549.3,769.1,12274.3,2838.9,113.9,1462.0,1684.0,5.0,6.7,12203.0,76.8,51.6,1202.0,101.7,340.0,102.4,1233.3,126.3
2007-03-31,2007,1,103.4,102.0,102.7,101.1,108.0,103.4,6780.0,108.1,937.3,1445.6,537.3,888.2,350.9,379.2,483.3,104.1,111.9,94.2,107.8,15.8,71.6,93.2,371.6,325.4,897.6,2512.0,313880.0,135578.0,59440.0,146914.0,8781.0,101.3,1808.0,108.3,19059.0,290.0,,64.5,338.0,80.9,276.0,13.2,8.9,,175.0,117.0,1014.0,8936.0,395.0,18232.0,32.9,,1027.9,1229.9,2257.8,740.4,9930.9,2846.3,112.5,1480.0,1732.0,5.2,6.9,11876.0,70.2,42.6,1173.0,103.4,323.0,106.3,1201.0,110.5
2007-06-30,2007,2,104.3,101.5,103.9,101.1,101.6,102.2,7768.0,108.6,3284.9,4526.1,1728.2,2510.6,782.4,1391.4,1761.4,370.1,110.0,101.8,107.1,65.9,113.3,197.1,610.7,463.6,1414.4,26797.0,815519.0,391577.0,73146.0,291780.0,10376.0,100.4,1750.0,110.4,20295.0,319.0,,68.9,544.0,70.8,230.0,13.1,8.3,,158.0,117.0,1020.0,9384.0,456.0,18094.0,20.3,,1151.9,1390.7,2542.6,842.5,11932.5,3090.6,111.3,1309.0,1570.0,4.5,5.9,12993.0,81.9,52.7,1194.0,102.7,336.0,101.5,1225.1,129.4
2007-09-30,2007,3,103.0,101.8,101.9,101.8,101.6,101.8,8903.0,108.2,5804.3,7924.3,3054.4,4509.9,1455.4,2535.6,3044.8,509.2,112.4,103.8,106.8,115.9,160.3,286.6,802.2,544.4,1744.1,58516.0,1270720.0,620517.0,50844.0,464615.0,10076.0,98.8,1920.0,110.6,21954.0,330.0,,71.7,240.0,73.5,224.0,14.0,9.1,,144.0,120.0,1031.0,9417.0,463.0,17780.0,23.1,,1244.2,1555.0,2799.2,893.4,12667.1,3107.6,113.6,1186.0,1447.0,4.2,5.5,13494.0,87.1,58.0,1181.0,100.5,338.0,100.2,1216.3,141.6
2007-12-31,2007,4,103.1,102.3,107.8,102.5,101.6,104.1,9797.0,109.2,11378.6,13368.3,5986.6,7781.1,1794.6,4790.5,4828.5,38.0,113.0,106.1,105.6,233.7,265.9,542.1,1327.6,771.6,2660.1,108823.0,1739360.0,906679.0,119690.0,659277.0,8975.0,99.5,3268.0,106.3,27554.0,356.0,,79.9,391.0,88.6,285.0,13.9,8.8,,175.0,119.0,1019.0,10838.0,509.0,18264.0,30.2,,1467.4,1802.0,3269.4,930.7,15605.9,3417.7,113.8,1232.0,1490.0,4.3,5.7,15742.0,107.4,69.8,1240.0,103.2,348.0,102.3,1272.8,167.0
2008-03-31,2008,1,105.5,103.0,106.2,102.0,107.5,104.8,8878.0,109.2,1372.8,2066.9,858.5,1322.5,464.0,555.7,727.7,171.9,107.8,94.6,106.0,23.5,70.7,101.1,459.1,393.5,1314.6,14088.0,451311.0,250859.0,75714.0,167248.0,8551.0,97.4,1950.0,107.9,17145.0,331.0,,66.3,414.0,85.6,291.0,14.3,8.9,,180.0,117.0,1034.0,9907.0,480.0,19284.0,29.9,,1389.6,1568.2,2957.8,900.2,12213.0,3823.1,108.9,1280.0,1553.0,5.0,6.6,15424.0,108.4,59.8,1234.0,105.3,340.0,105.3,1262.2,146.9
2008-06-30,2008,2,106.9,102.9,105.9,102.4,103.1,103.8,10238.0,107.9,4357.3,6410.7,2388.5,3700.2,1311.6,1862.0,2460.2,598.1,106.1,100.2,104.3,73.1,134.6,226.9,769.8,583.4,1991.5,51977.0,1226531.0,632490.0,72335.0,364349.0,10213.0,98.4,1895.0,108.3,19048.0,392.0,,77.1,556.0,76.0,238.0,15.4,8.3,,166.0,117.0,1017.0,11255.0,510.0,18973.0,18.4,,1552.6,1779.1,3331.7,1006.7,14749.7,4044.0,107.5,1113.0,1402.0,4.2,5.5,16962.0,126.0,74.8,1230.0,103.0,338.0,100.7,1261.1,170.8
2008-09-30,2008,3,113.0,101.9,100.4,101.9,102.9,101.7,11542.0,106.4,7634.0,10939.7,4057.3,6404.5,2347.2,3388.3,4124.3,736.0,104.9,101.4,101.9,118.3,185.7,330.2,1012.2,697.8,2369.0,89378.0,1809500.0,936652.0,30358.0,551427.0,10075.0,100.0,2046.0,106.5,16331.0,404.0,,74.0,338.0,81.1,236.0,13.8,9.2,,150.0,119.0,1009.0,12021.0,565.0,18674.0,21.1,,1684.2,1979.9,3664.1,1080.8,15579.3,4382.6,106.9,998.0,1286.0,4.4,5.8,17556.0,134.5,83.0,1196.0,101.3,337.0,99.7,1233.3,190.7
2008-12-31,2008,4,111.3,102.7,104.1,101.4,101.6,102.5,10619.0,98.7,13991.8,16003.9,7570.9,9275.9,1705.1,6253.1,6198.8,-54.4,93.9,94.6,90.9,323.0,368.5,746.5,1815.8,973.9,3106.5,130421.0,1694862.0,872481.0,97862.0,573243.0,9219.0,102.7,3440.0,105.3,13953.0,343.0,,38.6,127.0,85.9,276.0,13.1,9.2,,168.0,119.0,945.0,9498.0,588.0,11780.0,21.6,,1869.3,2121.3,3990.6,1092.1,16904.5,4544.8,95.1,1087.0,1357.0,5.3,7.0,18966.0,97.4,71.0,1160.0,93.5,289.0,83.1,1191.9,214.3
2009-03-31,2009,1,102.2,103.9,105.2,103.8,108.5,105.4,8335.0,90.8,1572.2,1889.6,1087.8,1220.3,132.5,548.8,639.9,91.1,101.9,86.7,83.3,37.9,75.9,121.5,552.0,381.3,1224.3,933.0,-67331.0,130572.0,126472.0,51540.0,8966.0,104.8,2071.0,106.2,5309.0,123.0,16.4,16.3,97.0,69.3,274.0,12.6,9.1,153.0,154.0,116.0,915.0,4588.0,372.0,12842.0,26.1,29.9,1618.2,1712.4,3330.6,1031.6,14065.1,4613.5,101.2,1651.0,1966.0,6.7,8.9,17441.0,57.8,37.7,1023.0,82.9,248.0,72.9,1045.1,161.7
2009-06-30,2009,2,100.7,102.7,101.7,102.4,101.0,101.9,9245.0,88.8,5210.9,5048.2,3118.0,2641.4,-476.5,2056.9,2309.0,252.1,103.9,102.7,85.4,104.6,124.6,243.2,758.2,497.2,1722.1,29233.0,280527.0,383528.0,150160.0,263160.0,10578.0,103.6,2011.0,106.1,7887.0,166.0,23.4,23.2,183.0,67.9,221.0,15.4,8.4,121.0,121.0,119.0,973.0,4091.0,334.0,13798.0,15.2,16.9,1736.5,1776.7,3513.2,1095.1,16967.9,5151.3,102.3,1878.0,2207.0,6.4,8.4,18419.0,63.6,41.9,1013.0,82.3,273.0,80.9,1036.7,175.1
2009-09-30,2009,3,98.9,100.9,98.5,101.9,101.3,100.6,10411.0,91.4,9214.2,8648.5,5580.1,4645.8,-934.3,3590.3,3903.6,313.3,97.4,104.6,88.1,167.2,127.2,311.6,915.4,500.3,2061.0,57006.0,662226.0,651142.0,156115.0,491663.0,10406.0,103.3,2229.0,108.9,9175.0,137.0,22.7,22.4,83.2,74.9,218.0,13.8,9.3,131.0,131.0,121.0,1016.0,5648.0,345.0,16160.0,18.6,21.2,1782.8,1905.3,3688.1,1131.8,16730.6,5330.1,96.3,1775.0,2096.0,5.9,7.8,18673.0,81.6,46.8,1120.0,93.7,296.0,87.7,1147.9,179.5
2009-12-31,2009,4,105.1,101.2,100.1,101.2,100.6,100.7,10816.0,97.4,16048.3,13599.7,9660.1,7337.8,-2322.3,6255.7,5926.6,-329.1,109.0,108.5,101.0,382.1,225.1,647.8,1571.9,864.5,2968.6,104861.0,969591.0,892471.0,220009.0,564638.0,9479.0,102.8,3661.0,106.4,13112.0,171.0,30.2,29.5,25.2,86.4,279.0,15.7,9.0,177.0,178.0,122.0,1034.0,9257.0,333.0,16366.0,20.4,26.2,1959.6,2107.7,4067.3,1161.5,19833.3,5669.5,107.4,1785.0,2068.0,6.0,7.9,20670.0,94.2,57.4,1187.0,102.4,291.0,100.9,1216.6,194.9
2010-03-31,2010,1,100.5,103.7,103.8,100.9,105.4,103.2,9996.0,104.1,1757.7,2001.4,1477.8,1308.3,-169.5,606.1,689.8,83.7,109.2,93.1,108.4,44.1,52.8,103.3,440.0,362.1,1242.9,634.0,326298.0,270405.0,172214.0,200065.0,9382.0,104.6,2237.0,108.1,5830.0,190.0,22.3,,239.0,83.7,290.0,23.5,8.8,181.0,,119.0,1157.0,10011.0,247.0,15892.0,,34.4,1771.8,1862.2,3634.0,1122.9,16146.4,7125.8,107.8,1948.0,2244.0,6.5,8.7,19485.0,90.1,44.8,1145.0,111.9,279.0,112.8,1166.7,170.4
2010-06-30,2010,2,98.7,102.0,101.5,101.0,101.0,101.2,10977.0,105.0,5893.9,6182.8,3659.0,3195.7,-463.3,2138.0,2658.9,520.9,104.6,101.9,107.6,115.4,96.1,223.9,720.7,585.3,1962.5,17913.0,660581.0,608904.0,212230.0,329460.0,10993.0,103.9,2168.0,107.8,9853.0,297.0,38.7,,480.0,73.5,232.0,26.6,8.5,151.0,,121.0,1151.0,12241.0,387.0,16973.0,,22.0,1920.4,2023.2,3943.6,1204.2,18690.0,7579.8,104.2,1726.0,2010.0,5.5,7.3,20809.0,95.4,57.3,1145.0,113.1,305.0,111.8,1171.1,189.9
2010-09-30,2010,3,79.2,101.1,103.2,101.2,100.9,101.8,12086.0,103.8,9988.9,10236.1,5923.7,5300.5,-623.3,3792.1,4369.0,576.8,106.2,102.9,105.9,157.4,139.2,317.7,954.1,650.3,2361.5,49651.0,1134603.0,959439.0,228437.0,562449.0,10655.0,102.4,2358.0,105.8,12007.0,337.0,42.2,,273.0,76.5,230.0,25.0,9.4,136.0,,123.0,1168.0,12508.0,296.0,16811.0,,27.0,2039.0,2176.9,4215.9,1237.2,18549.4,7596.0,105.4,1439.0,1698.0,5.1,6.7,21031.0,95.7,67.6,1139.0,101.7,310.0,104.9,1167.7,198.5
2010-12-31,2010,4,96.2,101.3,104.7,101.8,100.7,102.4,13249.0,105.1,17616.7,16031.9,10117.5,8305.4,-1812.0,6636.9,6537.3,-99.6,104.3,109.9,107.2,345.0,254.7,650.0,1795.2,1117.3,3585.2,98327.0,1595787.0,1377510.0,373766.0,719034.0,9569.0,101.0,3790.0,103.5,13254.0,386.0,52.3,,297.0,88.1,287.0,27.7,9.3,181.0,,123.0,1212.0,15612.0,304.0,17168.0,,33.8,2271.0,2447.5,4718.5,1286.7,22456.0,7603.5,104.5,1306.0,1548.0,5.1,6.7,23491.0,111.6,76.0,1216.0,102.4,311.0,106.6,1246.2,222.6
2011-03-31,2011,1,101.7,102.7,105.2,101.7,105.2,103.8,12844.0,103.3,1949.0,2405.0,1427.1,1505.6,78.5,652.2,737.9,85.7,99.7,91.1,105.0,51.9,69.0,127.6,492.0,464.8,1422.0,1726.0,504908.0,476648.0,190428.0,211228.0,9509.0,101.3,2313.0,103.4,7293.0,378.0,39.3,,476.0,81.1,292.0,26.5,8.9,182.0,,120.0,1203.0,14844.0,258.0,17268.0,,37.7,2050.2,2134.6,4184.8,1250.3,17710.6,8010.6,100.2,1391.0,1640.0,5.5,7.4,21354.0,111.7,64.7,1189.0,103.8,295.0,105.5,1212.0,194.6
2011-06-30,2011,2,101.6,102.0,99.8,101.7,101.9,101.1,14314.0,103.3,6549.4,7992.0,3814.8,4200.0,385.3,2345.7,3122.9,777.2,98.9,102.9,106.1,122.3,116.7,255.1,936.5,757.6,2306.0,22315.0,991618.0,978761.0,238148.0,453974.0,11018.0,100.2,2279.0,105.1,9767.0,435.0,54.3,,516.0,77.3,237.0,28.4,8.9,166.0,,122.0,1188.0,16405.0,326.0,16904.0,,23.4,2200.2,2373.0,4573.2,1356.6,20417.6,8253.8,99.8,1265.0,1515.0,4.8,6.4,23154.0,133.5,82.3,1205.0,105.2,313.0,102.5,1232.0,219.2
2011-09-30,2011,3,129.7,101.5,96.6,101.5,100.9,99.7,15663.0,105.0,11138.6,13496.1,6431.5,7220.2,788.7,4156.7,5079.4,922.7,102.0,102.2,105.3,194.5,153.1,361.6,1077.5,853.3,2854.1,52999.0,1382810.0,1516015.0,236426.0,629190.0,10790.0,101.3,2497.0,105.9,12131.0,446.0,55.8,,367.0,81.0,235.0,27.0,9.7,142.0,,123.0,1188.0,16443.0,247.0,16798.0,,28.2,2298.5,2602.0,4900.5,1378.1,20512.3,8263.3,102.3,1085.0,1324.0,4.7,6.1,23352.0,128.3,83.1,1164.0,102.2,314.0,101.1,1195.8,233.7
2011-12-31,2011,4,134.0,102.0,101.7,101.6,100.5,101.4,16877.0,105.2,19994.6,20855.4,10925.6,11367.7,442.0,7679.1,7644.2,-34.9,101.5,108.2,103.8,486.4,326.9,877.7,2399.7,1463.8,4453.6,137870.0,1914115.0,1981014.0,120558.0,768112.0,9796.0,102.4,3876.0,102.3,15053.0,481.0,57.4,,175.0,94.5,288.0,28.3,9.3,179.0,,124.0,1204.0,15295.0,349.0,17144.0,,33.4,2555.4,2890.4,5445.8,1439.8,24535.0,8283.8,102.4,1019.0,1241.0,4.6,6.1,26905.0,141.9,88.4,1242.0,102.1,320.0,102.9,1274.7,256.1
2012-03-31,2012,1,104.0,103.0,102.2,101.2,100.6,101.5,14925.0,105.3,2721.5,2947.4,2065.6,1866.0,-199.7,801.2,874.8,73.6,102.2,91.7,104.5,57.0,67.8,133.4,597.7,613.3,1730.1,-853.0,491368.0,491839.0,135644.0,298805.0,9917.0,104.3,2508.0,108.4,11239.0,451.0,44.0,,549.0,86.1,301.0,25.7,9.5,185.0,,123.0,1185.0,16418.0,194.0,18058.0,,38.5,2210.5,2479.2,4689.7,1364.4,19121.0,8687.8,103.3,1112.0,1314.0,4.7,6.3,24407.0,131.0,72.2,1245.0,104.8,306.0,104.0,1270.7,219.6
2012-06-30,2012,2,104.3,102.0,102.5,101.0,101.7,101.7,16149.0,104.3,8138.9,9189.8,4951.2,5083.3,132.1,2794.4,3278.9,484.5,104.8,100.8,102.4,142.5,119.2,279.5,993.3,930.7,2730.5,34094.0,903646.0,921024.0,138032.0,468032.0,11246.0,102.1,2487.0,109.1,14724.0,509.0,55.4,,494.0,81.8,238.0,27.4,9.0,153.0,,122.0,1181.0,18274.0,233.0,17647.0,,23.2,2381.0,2731.2,5112.2,1461.3,22591.0,9150.0,106.0,988.0,1189.0,4.1,5.3,26547.0,131.2,81.9,1213.0,100.7,322.0,102.9,1241.8,241.5
2012-09-30,2012,3,94.0,104.4,100.1,101.4,104.3,101.9,17442.0,103.1,13430.8,15024.0,7819.7,8352.1,532.3,4817.8,5213.1,395.3,104.5,103.3,103.4,184.7,152.9,364.7,1266.1,1060.3,3225.0,95575.0,1621236.0,1409589.0,136173.0,781267.0,11011.0,102.0,2660.0,106.6,14804.0,476.0,53.2,,292.0,89.9,235.0,24.8,9.9,139.0,,125.0,1259.0,19470.0,188.0,17801.0,,27.8,2529.9,2962.5,5492.4,1503.9,23280.7,9155.4,106.4,865.0,1058.0,3.9,5.1,26127.0,125.2,87.0,1210.0,104.0,324.0,103.3,1243.2,263.1
2012-12-31,2012,4,89.4,102.2,101.8,101.4,100.5,101.4,18411.0,101.8,23174.7,23435.1,12895.0,12855.5,-39.4,8343.2,8064.5,-278.7,106.0,108.0,103.2,542.4,337.1,935.3,2464.0,1670.3,4900.5,157476.0,2082317.0,1833460.0,201356.0,924919.0,9859.0,100.6,3966.0,102.3,17837.0,528.0,58.4,,339.0,96.4,290.0,25.4,9.8,176.0,,125.0,1157.0,17535.0,265.0,16886.0,,32.2,2840.0,3260.2,6100.2,1596.6,27986.2,9168.8,106.5,831.0,1023.0,3.9,5.1,30233.0,140.0,94.6,1266.0,102.0,319.0,99.7,1299.7,295.4
2013-03-31,2013,1,101.4,108.6,102.1,101.3,101.2,101.9,15892.0,100.6,3110.9,3206.6,2150.3,1981.3,-169.0,923.7,907.4,-16.2,105.9,87.8,98.8,70.4,67.5,148.4,616.3,693.9,1905.4,2483.0,318612.0,397591.0,124392.0,173076.0,9817.0,99.0,2645.0,105.5,10512.0,463.0,39.4,,661.0,86.0,295.0,28.1,9.8,183.0,,122.0,1079.0,12519.0,158.0,17283.0,,37.0,2481.6,2759.7,5241.3,1515.8,21864.6,9574.6,107.0,903.0,1085.0,4.4,5.8,27339.0,124.8,76.6,1225.0,98.3,294.0,95.9,1248.5,244.3
2013-06-30,2013,2,100.9,102.5,102.1,100.8,101.9,101.6,17015.0,101.1,8871.4,9441.5,4924.2,5115.5,191.3,2956.3,3219.0,262.7,103.8,102.8,100.8,172.4,120.7,311.4,1061.8,984.1,2918.7,20934.0,681895.0,811881.0,129208.0,395573.0,11152.0,99.2,2659.0,106.9,14392.0,466.0,55.5,,774.0,85.0,241.0,28.8,9.3,152.0,,124.0,1163.0,14657.0,188.0,17407.0,,22.5,2691.0,3001.8,5692.8,1592.2,25293.6,10013.8,104.7,844.0,1014.0,4.1,5.4,30245.0,126.9,84.5,1211.0,99.9,312.0,96.7,1242.4,271.1
2013-09-30,2013,3,103.0,101.5,98.8,101.2,104.1,101.2,18543.0,101.2,14623.5,15472.1,7977.9,8418.2,440.2,5080.6,5161.6,81.0,103.2,103.1,100.6,219.5,173.8,417.8,1228.4,1119.1,3402.9,65441.0,1153093.0,1311776.0,118260.0,649769.0,10651.0,96.7,2835.0,106.6,14646.0,465.0,49.4,,200.0,83.4,234.0,29.4,9.9,148.0,,126.0,1254.0,15649.0,134.0,17115.0,,28.9,2818.3,3233.7,6052.0,1669.9,25527.8,10035.0,103.3,747.0,916.0,4.0,5.2,29578.0,130.7,87.3,1217.0,100.6,319.0,98.3,1252.2,292.3
2013-12-31,2013,4,114.8,101.5,103.1,101.1,100.7,101.7,19567.0,102.1,25290.9,24442.7,13342.9,13019.9,-323.0,8806.6,8165.1,-641.5,103.6,108.8,101.4,468.1,374.3,912.5,2214.4,1581.3,5223.3,120979.0,1544702.0,1707119.0,129309.0,781415.0,9666.0,98.0,4084.0,103.0,13687.0,530.0,63.1,,380.0,93.5,280.0,32.1,9.8,185.0,,127.0,1269.0,17296.0,280.0,17056.0,,31.4,3152.1,3547.7,6699.8,1734.4,31142.4,10046.8,104.8,724.0,880.0,4.1,5.5,33269.0,139.4,92.9,1305.0,103.0,313.0,98.0,1340.5,323.8
2014-03-31,2014,1,102.3,106.0,103.7,101.4,101.4,102.3,17139.0,100.6,3373.5,3579.8,2261.5,2368.6,107.0,1010.4,863.1,-147.4,97.2,87.6,101.1,58.6,67.2,137.5,653.2,776.5,1884.1,2775.0,80903.0,552512.0,133125.0,106501.0,9564.0,97.4,2741.0,103.6,7923.0,443.0,30.1,,547.0,85.2,290.0,30.0,9.8,180.0,,123.0,1251.0,14955.0,150.0,17126.0,,36.4,2729.6,3063.3,5792.9,,22823.3,10475.5,98.3,768.0,942.0,4.1,5.5,30057.0,122.8,72.4,1244.0,101.6,294.0,100.0,1268.9,268.8
2014-06-30,2014,2,103.1,103.3,103.5,101.5,102.4,102.4,18884.0,101.1,9519.8,10572.3,5406.4,5882.6,476.2,3192.2,3493.1,300.8,100.8,103.6,101.8,154.6,131.4,307.3,1047.5,1102.2,2985.0,24434.0,830370.0,1013834.0,166275.0,345770.0,11075.0,97.7,2818.0,104.1,10766.0,458.0,44.8,,711.0,81.0,239.0,28.6,9.1,152.0,,125.0,1244.0,16283.0,299.0,17808.0,,23.0,2966.3,3290.4,6256.7,,27347.2,10884.5,100.7,720.0,902.0,3.8,5.0,32963.0,132.1,80.7,1227.0,101.3,307.0,98.1,1257.3,296.0
2014-09-30,2014,3,111.0,102.3,100.4,101.4,102.4,101.4,20407.0,100.9,15631.6,17143.4,8467.4,9439.6,972.3,5421.7,5704.7,283.0,102.6,102.7,101.5,211.3,160.7,401.1,1321.7,1169.0,3493.2,41863.0,1156062.0,1637251.0,134349.0,491403.0,11108.0,102.8,3003.0,104.7,11612.0,372.0,37.9,,322.0,86.6,236.0,28.4,9.7,131.0,,126.0,1281.0,13275.0,182.0,17859.0,,28.8,3140.1,3557.2,6697.3,,28112.9,10884.7,102.5,660.0,829.0,3.7,4.9,31730.0,125.7,80.5,1206.0,99.0,315.0,98.4,1241.2,318.4
2014-12-31,2014,4,94.3,101.6,107.4,103.6,104.0,104.8,21515.0,100.2,27611.7,26766.1,14831.6,14496.9,-334.7,9353.3,8905.7,-447.6,96.5,109.6,102.1,505.8,314.8,908.5,2606.3,1688.4,5540.3,91446.0,877139.0,2648591.0,164130.0,307569.0,10004.0,102.2,4298.0,104.4,13855.0,406.0,40.5,,558.0,103.0,294.0,28.8,9.8,176.0,,126.0,1275.0,10616.0,241.0,17754.0,,35.2,3544.9,4064.4,7609.3,,32901.2,10899.7,96.6,674.0,834.0,3.9,5.2,35685.0,116.3,74.3,1278.0,97.8,315.0,100.4,1312.6,350.9
2015-03-31,2015,1,103.5,105.0,111.8,106.8,103.3,107.4,18210.0,97.2,4237.1,3403.0,2958.7,2278.9,-679.8,1003.7,803.5,-200.2,,85.4,99.6,79.3,67.0,156.7,625.5,891.2,1969.7,-1495.0,815885.0,626913.0,151603.0,176569.0,9893.0,101.7,2943.0,106.2,6623.0,341.0,23.0,,298.0,91.3,292.0,21.8,10.1,169.0,,124.0,1260.0,6699.0,29.0,17846.0,,36.5,3089.1,3182.4,6271.5,,25391.9,11679.1,,792.0,972.0,4.4,5.7,31566.0,90.2,44.7,1225.0,98.5,293.0,99.5,1248.7,287.9
2015-06-30,2015,2,102.5,102.5,99.6,101.8,101.5,101.0,19284.0,95.5,11360.5,10514.7,6304.5,5360.8,-943.7,3302.9,3846.6,543.7,,98.9,95.1,169.9,116.4,308.0,964.6,1151.3,3020.8,24332.0,1647368.0,1168579.0,173022.0,483759.0,11360.0,102.6,2939.0,104.3,9211.0,316.0,34.9,,260.0,84.5,242.0,23.0,9.3,142.0,,125.0,1223.0,6894.0,125.0,17142.0,,25.0,3242.0,3353.9,6595.9,,29626.7,12091.9,,808.0,998.0,4.3,5.6,34703.0,91.4,47.7,1197.0,97.5,298.0,97.1,1222.6,309.8
2015-09-30,2015,3,102.1,101.5,99.2,102.3,104.3,101.7,21294.0,96.3,18168.5,17316.8,9867.0,8959.9,-907.1,5661.9,6144.6,482.7,,103.5,95.8,246.1,132.7,407.1,1258.7,1353.0,3560.2,49519.0,1769066.0,1986605.0,155433.0,518308.0,11115.0,100.1,3155.0,105.1,9980.0,259.0,32.0,,207.0,91.0,238.0,22.8,10.0,137.0,,127.0,1228.0,6589.0,99.0,17547.0,,28.1,3362.3,3638.1,7000.4,,30432.5,12080.6,,773.0,950.0,4.1,5.3,32983.0,78.8,49.8,1223.0,101.4,312.0,99.1,1255.8,336.1
2015-12-31,2015,4,105.2,101.4,103.7,102.2,100.7,102.3,22016.0,96.2,29741.5,26922.0,15620.3,13659.2,-1961.0,9479.8,9308.2,-171.6,,110.0,96.1,690.2,283.2,1049.4,2375.9,1864.8,6005.2,123077.0,2090169.0,2653147.0,235667.0,532949.0,10204.0,102.0,4438.0,103.2,10841.0,297.0,40.8,,422.0,105.0,291.0,22.7,9.7,185.0,,126.0,1285.0,9814.0,159.0,16913.0,,33.2,3725.9,3944.7,7670.6,,35561.8,12092.4,,790.0,951.0,4.4,5.7,36692.0,81.1,50.8,1333.0,104.3,315.0,100.1,1363.4,366.9
2016-03-31,2016,1,102.8,102.1,102.3,102.3,101.4,102.1,18561.0,98.8,3348.6,3264.7,1940.7,1841.9,-98.8,1081.8,880.3,-201.5,,88.2,99.4,68.7,66.4,145.0,656.9,952.8,2149.4,16601.0,712946.0,342322.0,236914.0,308422.0,10257.0,103.7,3114.0,105.8,6024.0,249.0,25.8,,420.0,95.5,295.0,22.9,10.1,168.0,,129.0,1289.0,6292.0,95.0,17029.0,,38.5,3200.2,3244.9,6445.1,,26380.5,12299.0,,882.0,1050.0,4.5,5.9,34000.0,60.4,38.1,1245.0,101.6,295.0,100.8,1267.0,294.8
2016-06-30,2016,2,102.5,103.9,103.2,103.8,102.7,103.3,,99.4,11106.6,10213.0,6039.3,4645.7,-1393.6,3479.8,3910.3,430.5,,100.6,101.0,190.8,125.6,336.7,1046.8,1264.4,3153.3,49372.0,1598773.0,996140.0,339458.0,742574.0,11542.0,101.6,3123.0,106.3,9594.0,289.0,32.9,,215.0,90.4,244.0,24.6,9.6,139.0,,127.0,1289.0,7053.0,198.0,17493.0,,24.8,3302.6,3409.2,6711.8,,30001.5,12418.4,,834.0,1011.0,4.3,5.7,37404.0,67.9,45.6,1210.0,101.1,307.0,103.1,1236.0,321.1
