time_index,year,month,CONSTR_bln_rub_fix,CONSTR_rog,CONSTR_yoy,CORP_DEBT_OVERDUE_BUDGET_bln_rub,CORP_DEBT_OVERDUE_SUPPLIERS_bln_rub,CORP_DEBT_OVERDUE_bln_rub,CORP_DEBT_bln_rub,CPI_ALCOHOL_rog,CPI_FOOD_rog,CPI_NONFOOD_rog,CPI_SERVICES_rog,CPI_rog,IND_PROD_rog,IND_PROD_yoy,IND_PROD_ytd,I_bln_rub,I_rog,I_yoy,PROD_AUTO_BUS_units,PROD_AUTO_PSGR_th,PROD_AUTO_TRUCKS_AND_CHASSIS_th,PROD_AUTO_TRUCKS_th,PROD_BYCYCLES_th,PROD_E_TWh,PROD_RAILWAY_CARGO_WAGONS_units,PROD_RAILWAY_PSGR_WAGONS_units,RETAIL_SALES_bln_rub,RETAIL_SALES_rog,RETAIL_SALES_yoy,RUR_EUR_eop,RUR_USD_eop,SOC_EMPLOYED_mln,SOC_EMPLOYED_yoy,SOC_PENSION_rub,SOC_UNEMPLOYED_bln,SOC_UNEMPLOYMENT_percent,SOC_WAGE_rog,SOC_WAGE_rub,SOC_WAGE_yoy,TRANS_COM_bln_t_km,TRANS_COM_rog,TRANS_COM_yoy,TRANS_RAILLOAD_mln_t,TRANS_RAILLOAD_rog,TRANS_RAILLOAD_yoy,TRANS_bln_t_km,TRANS_rog,TRANS_yoy,USLUGI_bln_rub,USLUGI_rog,USLUGI_yoy
1999-01-31,1999,1,14.1,65.4,91.6,232.4,583.5,1241.1,2347.0,109.7,110.4,106.2,104.1,108.4,,,,28.5,42.5,92.2,4394.0,68.8,,11.5,21.4,84.7,322.0,30.0,121.8,81.7,84.0,25.79,22.6,60.4,101.1,403.0,10.1,14.3,78.7,1167.0,115.5,277.7,98.8,99.7,70.4,97.0,101.4,283.3,,,28.7,80.5,105.2
1999-02-28,1999,2,16.3,114.1,91.8,243.6,597.7,1280.6,2387.3,104.2,104.4,104.0,103.2,104.1,,,,31.8,108.4,93.8,4780.0,79.1,,14.0,30.4,76.5,312.0,50.0,122.9,96.9,89.2,25.11,22.86,61.1,102.4,403.1,10.5,14.6,103.2,1199.0,120.0,252.1,90.8,100.2,67.4,106.0,104.5,258.8,91.3,,29.5,99.6,101.7
1999-03-31,1999,3,20.5,121.4,92.6,249.5,623.8,1321.8,2551.7,103.4,102.7,103.2,101.9,102.8,,,,36.5,111.2,95.1,5312.0,82.5,,14.1,40.6,81.3,417.0,63.0,134.3,106.0,91.4,25.94,24.18,61.7,103.7,403.1,10.1,14.0,114.8,1385.0,130.3,291.4,115.6,102.8,77.3,103.6,105.6,299.2,115.6,,32.4,107.9,105.7
1999-04-30,1999,4,19.6,95.7,92.9,265.9,640.6,1358.9,2651.3,103.4,102.5,104.0,103.1,103.0,,,,36.9,97.2,94.7,5201.0,83.9,,14.9,45.2,67.8,292.0,58.0,135.4,97.6,88.9,25.73,24.23,62.3,105.0,403.1,9.7,13.5,103.0,1423.0,136.4,277.1,95.1,104.3,77.6,103.8,108.3,283.8,94.8,,32.7,98.0,106.4
1999-05-31,1999,5,22.0,109.4,93.7,269.4,639.3,1366.3,2667.2,101.8,102.0,102.7,102.1,102.2,,,,41.4,109.2,99.2,3420.0,77.1,,13.8,31.6,62.3,461.0,42.0,138.9,100.2,89.7,25.52,24.44,62.9,106.3,455.5,9.3,12.9,103.4,1472.0,141.1,282.1,101.8,109.1,79.3,98.9,113.0,289.1,101.9,,32.8,98.1,106.5
1999-06-30,1999,6,27.5,121.9,94.5,276.9,654.1,1388.0,2699.7,101.4,101.8,101.6,103.5,101.9,,,,52.8,124.3,102.9,3792.0,82.4,,14.6,47.8,56.1,380.0,69.0,142.2,100.7,91.3,25.07,24.22,63.3,107.3,455.5,9.1,12.8,109.7,1626.0,145.6,271.9,96.4,106.3,77.1,100.4,114.4,279.7,96.8,,36.9,108.7,106.5
1999-07-31,1999,7,29.3,106.4,96.1,282.2,654.4,1404.8,2767.3,102.1,103.3,101.9,103.1,102.8,,,,56.2,102.6,102.1,4221.0,86.4,,14.9,45.0,55.8,343.0,60.0,145.8,100.0,89.2,25.94,24.19,63.7,108.2,455.5,9.0,12.5,99.6,1618.0,147.3,276.2,101.6,107.0,80.4,100.9,117.4,284.2,101.6,,39.1,102.8,108.8
1999-08-31,1999,8,29.1,98.5,104.1,291.6,658.7,1427.4,2780.6,101.9,100.3,102.4,101.9,101.2,,,,61.8,106.2,101.9,3679.0,76.2,,15.1,30.0,58.2,351.0,62.0,157.6,106.5,88.8,25.92,24.75,64.1,109.2,455.5,8.8,12.1,99.3,1608.0,153.1,281.2,101.8,108.9,82.2,102.2,118.3,289.8,101.9,,40.5,101.6,110.5
1999-09-30,1999,9,33.0,107.8,111.8,289.0,665.9,1416.9,2855.0,102.0,100.7,102.7,102.0,101.5,,,,67.6,104.1,111.1,3400.0,80.6,,14.3,36.5,63.3,391.0,72.0,161.2,100.5,92.2,26.46,25.08,64.0,109.1,455.6,8.9,12.2,104.6,1684.0,152.1,275.2,97.9,111.2,81.4,102.3,122.9,283.9,98.0,,41.4,100.2,110.6
1999-10-31,1999,10,30.9,92.9,114.3,292.2,665.0,1435.1,2905.4,101.9,100.7,102.2,102.0,101.4,,,,66.5,95.1,114.8,2995.0,71.9,,15.4,32.0,71.8,310.0,68.0,167.1,102.1,101.9,27.43,26.05,63.8,109.1,455.6,9.0,12.4,101.8,1716.0,153.6,292.8,106.4,106.1,85.2,101.3,116.1,301.0,106.1,,41.7,98.6,109.4
1999-11-30,1999,11,29.9,94.9,114.0,286.5,649.4,1416.3,2910.9,102.2,100.9,101.5,101.7,101.2,,,,72.0,104.3,112.1,4028.0,79.8,,16.4,30.7,80.8,107.0,63.0,170.2,100.5,101.9,26.84,26.42,63.6,107.6,521.4,9.2,12.6,104.2,1789.0,154.3,288.9,98.7,106.5,82.2,99.7,120.7,295.9,98.3,,42.3,99.7,106.3
1999-12-31,1999,12,35.6,106.0,122.0,275.2,619.5,1354.5,2900.8,102.8,101.2,101.1,100.9,101.3,,,,118.4,161.3,122.6,4799.0,86.3,,17.1,32.9,87.5,454.0,79.0,200.0,116.0,105.6,27.23,27.0,63.5,106.2,521.5,9.1,12.5,126.0,2283.0,155.1,305.6,105.8,108.8,86.8,102.2,119.6,312.6,105.6,,45.7,106.9,99.4
2000-01-31,2000,1,21.6,59.2,110.4,277.1,615.5,1351.1,2844.5,109.2,101.3,102.2,103.4,102.3,,,,46.1,37.4,107.9,3941.0,71.9,,13.4,39.6,88.9,282.0,59.0,170.3,83.3,107.6,28.23,28.55,63.4,104.9,521.6,9.0,12.5,82.8,1830.0,162.6,296.6,97.1,106.8,81.2,93.5,115.3,302.9,96.9,106.9,39.8,78.2,106.8
2000-02-29,2000,2,25.5,115.0,111.3,303.6,685.0,1483.9,3063.6,102.8,100.2,101.3,103.0,101.0,,,,55.8,116.6,116.1,4026.0,79.7,,15.6,44.8,81.6,393.0,57.0,168.1,97.9,108.7,27.44,28.66,63.2,103.5,613.2,9.0,12.4,100.4,1839.0,158.1,286.1,96.5,113.5,82.5,108.7,122.5,293.5,96.9,113.4,39.5,97.0,103.1
2000-03-31,2000,3,31.7,121.6,111.4,313.9,729.5,1577.0,3306.3,101.8,99.9,101.4,101.5,100.6,,,,63.9,110.8,115.7,4224.0,87.2,,16.1,59.4,81.9,400.0,66.0,179.3,105.9,108.4,27.13,28.46,64.1,103.9,613.1,8.5,11.4,109.6,2018.0,151.3,303.4,106.0,104.1,89.6,101.6,115.9,311.4,106.1,104.1,43.6,109.1,103.4
2000-04-30,2000,4,32.1,99.0,115.2,320.9,728.4,1598.9,3336.9,100.8,100.2,101.5,102.1,100.9,,,,64.5,97.9,116.5,4473.0,81.6,,16.1,65.6,68.4,370.0,65.0,177.8,98.2,109.1,25.89,28.4,65.0,104.3,613.2,8.0,10.8,101.1,2039.0,147.9,287.5,94.8,103.7,87.7,101.1,112.9,294.5,94.6,103.8,44.2,99.3,104.5
2000-05-31,2000,5,36.5,111.9,117.8,317.0,747.8,1602.2,3331.8,101.2,102.3,101.1,101.3,101.8,,,,75.8,114.4,122.1,4504.0,75.3,,15.1,60.4,65.2,428.0,64.0,179.8,99.6,108.4,26.19,28.25,65.9,104.7,693.8,7.6,10.3,102.9,2101.0,146.0,293.4,102.0,104.0,88.1,97.3,111.1,300.6,102.1,104.0,44.9,100.6,105.5
2000-06-30,2000,6,45.0,119.4,115.5,317.8,748.0,1614.1,3429.3,101.4,103.5,100.8,103.0,102.6,,,,95.7,122.1,120.0,4736.0,81.2,,15.2,65.4,57.7,443.0,64.0,185.2,101.1,108.7,26.48,28.07,65.9,104.1,694.4,7.5,10.1,109.2,2294.0,145.8,286.2,97.5,105.3,87.0,102.0,112.9,294.3,97.9,105.2,49.2,107.5,105.5
2000-07-31,2000,7,48.1,103.5,112.2,335.0,766.1,1647.1,3477.6,101.5,101.8,100.8,103.8,101.8,,,,99.1,100.0,116.9,4418.0,83.9,,15.6,59.4,58.7,360.0,70.0,190.2,101.4,110.2,25.92,27.8,65.9,103.4,695.1,7.3,10.0,100.6,2302.0,146.4,292.0,102.1,105.7,85.8,95.5,106.8,300.9,102.2,105.8,52.8,103.8,105.9
2000-08-31,2000,8,50.0,102.1,116.4,334.4,765.9,1631.1,3424.5,101.1,100.2,101.4,103.0,101.0,,,,112.9,111.2,122.5,4909.0,86.6,,16.6,38.0,60.4,175.0,65.0,202.6,105.6,109.3,24.74,27.75,65.9,102.8,745.8,7.2,9.9,99.5,2289.0,146.3,290.0,99.3,103.1,87.2,101.6,106.1,299.4,99.5,103.3,55.0,101.4,106.3
2000-09-30,2000,9,53.6,103.4,111.6,336.6,750.8,1631.9,3553.1,100.7,100.6,102.1,102.8,101.3,,,,118.3,101.7,119.6,4846.0,84.8,,14.8,37.4,64.5,261.0,55.0,205.6,100.1,108.8,24.42,27.75,65.7,102.7,748.2,7.1,9.8,103.4,2367.0,144.6,285.8,98.5,103.8,86.2,102.2,105.9,295.5,98.7,104.1,55.1,97.4,103.4
2000-10-31,2000,10,51.8,92.9,111.6,345.0,748.4,1623.5,3566.4,100.5,102.4,101.9,102.4,102.1,,,,114.6,94.0,118.2,5431.0,87.0,,16.1,27.5,76.9,376.0,77.0,214.3,102.2,109.0,23.42,27.83,65.5,102.7,748.9,7.1,9.8,102.6,2425.0,145.6,307.8,107.7,105.1,91.3,102.4,107.1,316.9,107.3,105.3,56.8,100.8,107.3
2000-11-30,2000,11,51.1,96.0,113.0,344.5,742.7,1611.3,3564.2,100.8,101.6,101.5,101.6,101.5,,,,123.0,104.6,118.5,4327.0,80.0,,15.6,32.2,83.4,223.0,70.0,220.5,101.4,109.9,23.88,27.85,65.3,102.6,821.3,7.1,9.8,103.4,2508.0,143.0,302.1,98.2,104.6,89.7,101.6,109.2,309.9,97.8,104.7,58.4,101.1,106.7
2000-12-31,2000,12,56.8,107.1,114.1,346.4,712.5,1571.5,3515.0,101.1,102.0,101.2,101.6,101.6,,,,195.5,154.3,113.4,4166.0,69.8,,14.2,109.0,90.2,318.0,90.0,258.6,115.6,109.4,26.14,28.16,64.8,102.1,823.4,7.1,9.9,120.7,3025.0,136.3,311.0,102.9,101.8,90.3,97.4,104.0,318.5,102.8,101.9,63.5,107.2,99.3
2001-01-31,2001,1,32.7,56.5,108.9,350.2,732.8,1588.8,3756.9,101.8,103.2,101.4,104.6,102.8,,,,66.7,35.7,109.4,3306.0,76.2,,11.6,45.3,90.6,232.0,61.0,214.4,81.2,106.6,26.0,28.37,64.4,101.7,824.2,7.1,9.9,90.8,2733.0,149.3,301.0,96.8,101.5,82.1,91.0,101.2,307.4,96.5,101.5,54.9,82.3,104.7
2001-02-28,2001,2,38.0,113.7,107.8,359.5,739.9,1634.0,3919.5,100.9,102.5,101.3,104.3,102.3,,,,77.4,113.6,106.6,4227.0,79.7,,13.5,46.8,82.2,280.0,86.0,216.4,99.2,108.0,26.22,28.72,64.0,101.2,900.2,7.1,10.0,97.1,2655.0,144.4,280.7,93.3,98.1,79.9,107.7,96.8,288.0,93.7,98.1,54.8,96.6,104.4
2001-03-31,2001,3,46.2,119.7,106.1,363.4,748.0,1625.6,4064.4,100.6,101.9,101.3,103.4,101.9,,,,86.2,109.8,105.6,3886.0,89.8,,15.5,55.8,83.3,414.0,44.0,234.4,106.7,108.9,25.29,28.74,64.5,100.6,916.4,6.8,9.5,111.8,2964.0,147.0,311.0,110.8,102.5,91.7,103.6,102.3,319.5,110.9,102.6,59.0,105.0,100.6
2001-04-30,2001,4,46.4,99.7,106.9,371.4,760.1,1655.2,4118.0,100.6,102.2,100.9,102.8,101.8,,,,87.9,100.5,108.4,4201.0,87.2,,15.8,54.2,71.3,381.0,62.0,237.7,100.0,111.0,25.67,28.83,65.0,100.0,917.3,6.5,9.1,98.4,2923.0,144.3,299.1,96.2,104.0,88.5,99.7,100.9,306.7,96.0,104.1,61.9,102.4,103.7
2001-05-31,2001,5,52.1,111.6,106.7,370.3,785.5,1656.9,4185.4,100.8,102.5,100.9,101.8,101.8,,,,106.1,119.1,112.8,3501.0,81.0,,11.9,55.8,64.7,547.0,60.0,244.0,101.1,112.8,24.87,29.09,65.5,99.4,1015.7,6.1,8.6,104.5,3054.0,145.8,307.7,102.9,104.9,89.3,97.7,101.3,315.3,102.8,104.9,63.5,101.2,104.5
2001-06-30,2001,6,62.4,119.0,106.3,368.4,771.5,1666.0,4232.2,101.1,102.0,100.6,102.5,101.6,,,,124.8,116.5,107.7,4530.0,82.4,,11.7,60.4,59.1,479.0,84.0,247.9,100.4,112.0,24.57,29.07,65.6,99.6,1019.3,6.1,8.5,107.4,3284.0,144.3,297.3,96.6,103.9,87.3,101.0,100.3,305.8,97.0,103.9,68.8,105.7,103.0
2001-07-31,2001,7,66.1,105.2,108.1,380.7,795.8,1715.6,4331.6,101.1,99.6,100.5,102.9,100.5,,,,127.7,101.3,109.1,4765.0,85.8,,11.8,56.2,60.1,487.0,93.0,250.5,100.9,111.4,25.6,29.27,65.8,99.8,1020.3,6.1,8.5,102.4,3364.0,146.9,299.4,100.7,102.5,88.9,98.6,103.6,308.9,101.0,102.7,72.2,103.3,102.4
2001-08-31,2001,8,71.1,106.5,112.7,382.5,776.8,1685.9,4287.4,100.9,98.7,100.8,102.3,100.0,,,,144.2,111.8,109.7,5556.0,90.4,,14.5,39.4,61.7,457.0,71.0,266.3,106.3,112.2,26.67,29.37,65.9,100.0,1126.8,6.1,8.5,100.3,3376.0,148.4,302.5,101.0,104.3,90.7,102.0,104.1,312.9,101.3,104.5,74.0,100.9,102.1
2001-09-30,2001,9,73.7,102.9,112.2,373.2,770.6,1671.4,4354.1,101.0,99.6,101.2,102.6,100.6,,,,149.2,102.7,110.8,5855.0,84.0,,16.8,25.5,64.4,793.0,81.0,266.5,99.6,111.6,26.86,29.39,65.7,99.9,1133.6,6.2,8.6,100.7,3405.0,145.0,299.9,99.1,104.9,89.1,101.5,103.3,310.5,99.2,105.1,73.1,96.3,101.1
2001-10-31,2001,10,69.9,93.0,112.3,343.1,779.8,1638.9,4340.0,101.0,100.7,101.3,101.9,101.1,,,,144.7,95.3,112.4,5783.0,95.9,,18.7,24.1,78.5,783.0,76.0,277.8,103.1,112.7,26.87,29.7,65.4,99.9,1134.7,6.2,8.7,103.3,3515.0,145.6,326.9,109.0,106.2,93.6,101.7,103.3,336.7,108.4,106.3,74.6,100.8,100.8
2001-11-30,2001,11,68.7,97.0,113.4,332.9,795.8,1639.0,4346.6,101.2,101.5,101.1,101.5,101.4,,,,150.2,102.5,110.2,5758.0,85.5,,15.6,20.9,82.5,788.0,67.0,283.8,100.9,112.2,26.52,29.9,65.1,99.8,1135.8,6.3,8.8,101.8,3578.0,143.3,313.7,96.0,103.8,90.4,99.7,100.7,322.2,95.7,104.0,75.5,99.9,99.2
2001-12-31,2001,12,76.5,110.3,116.8,314.0,754.0,1560.1,4230.7,101.0,102.2,100.9,101.4,101.6,,,,239.6,158.0,112.8,5138.0,83.2,,15.2,29.5,92.8,877.0,74.0,330.3,114.7,111.3,26.49,30.14,65.3,100.7,1138.0,6.2,8.6,126.7,4541.0,150.9,311.3,99.2,100.1,85.9,91.9,95.1,319.6,99.2,100.4,79.4,104.2,96.2
2002-01-31,2002,1,39.2,50.4,104.3,300.5,681.3,1447.2,4067.1,101.7,103.0,101.2,107.5,103.1,92.7,103.7,103.7,78.1,32.0,100.1,5069.0,76.2,,12.3,43.5,89.3,737.0,32.0,270.9,80.4,110.2,26.55,30.69,65.6,101.7,1241.4,6.1,8.5,83.2,3760.0,137.7,311.4,100.1,103.5,77.6,90.4,94.5,318.4,99.6,103.6,75.6,88.9,103.8
2002-02-28,2002,2,43.9,111.0,101.8,298.8,702.9,1473.6,4265.4,101.0,100.9,100.8,102.7,101.2,95.8,102.9,103.3,89.6,113.6,100.1,6073.0,84.4,,13.0,38.7,77.8,692.0,57.0,268.0,98.1,109.1,26.71,30.93,65.8,102.6,1322.7,6.0,8.4,99.1,3725.0,140.7,297.9,95.6,106.1,80.1,114.3,100.2,305.8,96.1,106.2,76.0,98.4,105.6
2002-03-31,2002,3,53.2,120.3,102.3,299.4,739.6,1516.6,4644.1,100.6,100.4,100.7,103.7,101.1,108.8,102.6,103.1,102.4,113.4,103.4,5879.0,87.9,,13.4,43.8,80.0,693.0,58.0,289.1,107.3,109.7,27.15,31.12,66.1,102.3,1329.0,5.9,8.2,108.3,4031.0,136.2,328.0,110.1,105.5,90.3,101.8,98.5,336.9,110.2,105.5,80.5,103.3,104.1
2002-04-30,2002,4,54.0,100.8,103.4,289.4,752.9,1511.5,4675.3,100.6,101.0,100.8,102.4,101.2,96.2,103.7,103.2,104.0,100.8,103.7,5403.0,94.2,,15.8,59.1,71.9,741.0,66.0,293.6,100.3,109.9,28.15,31.2,66.4,102.1,1331.7,5.7,8.0,101.9,4110.0,140.7,315.6,96.2,105.5,88.8,101.6,100.4,323.7,96.1,105.5,84.0,102.5,104.6
2002-05-31,2002,5,61.3,111.6,103.3,289.5,739.9,1502.7,4636.8,100.6,102.5,101.2,101.0,101.7,95.5,99.5,102.5,125.1,118.7,103.3,4565.0,80.8,,11.8,49.2,64.6,842.0,85.0,291.9,97.8,106.4,29.33,31.31,66.7,101.8,1334.4,5.6,7.7,101.8,4187.0,137.1,323.5,102.5,105.1,91.0,99.2,101.9,331.4,102.4,105.1,85.2,100.6,104.1
2002-06-30,2002,6,73.5,118.5,102.9,280.4,744.1,1512.8,4908.3,100.7,99.7,101.1,101.6,100.5,101.5,102.1,102.4,147.3,116.7,103.5,4656.0,87.2,,14.2,53.8,59.5,623.0,82.0,298.7,101.8,107.9,31.08,31.45,67.2,102.3,1337.2,5.5,7.5,106.5,4460.0,135.9,312.0,96.5,105.0,90.2,102.4,103.3,321.2,96.9,105.0,89.8,103.9,102.5
2002-07-31,2002,7,78.6,104.9,102.6,283.7,731.7,1504.0,4858.8,100.5,100.4,100.6,101.8,100.7,104.7,105.6,102.9,152.2,101.9,104.1,5165.0,90.7,,13.8,58.7,60.8,848.0,82.0,311.1,103.6,110.7,30.8,31.44,67.7,102.8,1339.9,5.4,7.4,102.9,4597.0,136.8,321.3,103.0,107.3,93.1,100.0,104.7,331.4,103.2,107.3,94.2,103.4,102.7
2002-08-31,2002,8,85.0,107.1,103.2,280.2,727.5,1490.6,4840.5,100.5,98.7,100.7,102.5,100.1,101.1,105.3,103.2,167.0,109.0,101.5,5826.0,95.5,,14.9,38.6,62.7,1026.0,76.0,325.3,104.7,109.1,31.09,31.57,68.1,103.3,1459.3,5.3,7.2,98.1,4511.0,133.7,321.7,100.2,106.4,95.4,102.5,105.2,332.7,100.4,106.3,96.8,101.2,103.0
2002-09-30,2002,9,87.6,101.8,102.1,277.8,723.5,1478.4,4974.6,100.5,99.1,100.9,102.8,100.4,99.6,104.3,103.3,175.3,104.0,102.8,5991.0,88.9,,15.7,30.7,66.3,1084.0,92.0,327.1,100.4,110.0,30.91,31.64,67.5,102.8,1461.4,5.7,7.7,100.2,4521.0,132.9,322.0,100.1,107.4,93.3,101.0,104.7,333.2,100.1,107.3,97.3,97.6,104.4
2002-10-31,2002,10,82.1,92.8,101.9,279.0,721.6,1466.5,4937.3,100.5,100.6,100.9,102.5,101.1,107.0,103.2,103.3,169.1,95.7,103.2,5870.0,82.2,,17.3,32.7,79.5,1252.0,67.0,340.5,103.3,110.1,31.18,31.74,67.0,102.3,1461.4,6.0,8.2,102.8,4646.0,132.4,341.7,106.1,104.5,97.2,100.9,103.9,351.8,105.6,104.5,98.9,99.2,102.4
2002-11-30,2002,11,81.2,97.9,102.9,276.7,721.6,1457.4,4869.5,100.5,102.2,100.9,101.9,101.6,96.7,100.7,103.0,174.3,102.3,102.9,5807.0,55.8,,15.2,30.3,82.9,1146.0,76.0,347.2,100.6,109.7,31.67,31.84,66.4,101.8,1461.4,6.3,8.7,101.2,4694.0,131.6,331.2,96.9,105.6,94.2,100.1,104.3,339.7,96.6,105.4,101.3,100.6,102.8
2002-12-31,2002,12,91.4,111.6,104.2,273.4,710.3,1432.8,4832.3,100.8,102.4,100.7,101.1,101.5,105.9,104.0,103.1,278.0,158.4,103.2,6388.0,56.9,,15.2,29.5,96.0,1056.0,94.0,402.0,114.3,109.3,33.11,31.78,65.9,100.7,1462.3,6.5,9.0,122.3,5738.0,126.8,341.7,103.2,109.8,92.5,95.0,107.7,350.2,103.1,109.5,108.4,106.1,104.5
2003-01-31,2003,1,49.9,54.3,112.2,246.5,688.4,1355.0,4664.8,101.9,102.6,101.1,104.4,102.4,93.4,105.4,105.4,93.8,33.5,107.9,5557.0,53.4,,12.6,43.2,92.2,1764.0,76.0,329.5,80.5,109.4,34.44,31.82,65.3,99.7,1463.8,6.4,9.0,82.5,4696.0,125.9,340.2,99.6,109.2,86.8,93.8,111.8,347.6,99.3,109.2,101.1,90.3,105.9
2003-02-28,2003,2,55.6,110.7,111.9,248.3,663.0,1339.6,4737.9,101.1,101.2,100.9,104.2,101.6,98.8,108.3,106.8,110.6,117.0,111.1,5996.0,61.9,,13.6,48.1,82.7,1593.0,71.0,327.2,98.3,109.6,34.05,31.58,64.8,98.7,1501.1,6.6,9.2,100.1,4701.0,127.1,315.7,92.8,106.0,85.7,109.3,107.0,323.6,93.1,105.8,102.7,98.8,106.5
2003-03-31,2003,3,67.2,120.6,112.2,246.9,660.7,1342.3,5035.2,100.9,101.0,100.8,101.7,101.1,110.7,109.5,107.7,125.6,113.2,110.9,5810.0,85.8,,16.2,51.6,85.7,1933.0,83.0,357.2,108.2,110.6,33.59,31.38,65.3,98.9,1501.4,6.3,8.8,105.9,4986.0,124.3,353.1,111.9,107.6,96.8,102.1,107.3,361.7,111.8,107.4,108.9,104.7,108.0
2003-04-30,2003,4,69.1,101.6,113.1,248.8,667.0,1348.3,5048.7,100.5,101.1,100.6,101.8,101.0,97.2,110.2,108.3,129.9,102.3,112.6,6740.0,93.1,,17.1,55.4,75.3,2117.0,87.0,356.8,99.1,109.4,34.14,31.1,65.8,99.2,1608.1,6.1,8.4,102.2,5100.0,124.2,336.5,95.3,106.6,95.1,101.5,107.1,344.7,95.3,106.5,111.5,100.9,106.5
2003-05-31,2003,5,78.1,112.3,113.8,244.8,671.0,1363.1,5067.0,100.5,100.7,100.6,101.5,100.8,95.3,110.4,108.7,158.8,121.2,114.9,5174.0,80.8,,14.1,49.8,67.0,2072.0,67.0,355.6,99.0,110.7,36.47,30.71,66.2,99.4,1608.1,5.8,8.1,102.3,5221.0,125.0,347.7,103.3,107.5,98.2,100.0,108.0,355.8,103.2,107.4,113.5,100.4,106.7
2003-06-30,2003,6,92.4,117.4,112.7,245.2,678.9,1371.1,5267.2,100.7,100.8,100.5,101.2,100.8,100.7,109.1,108.8,181.9,113.6,111.8,5969.0,85.4,,16.1,47.1,61.7,2069.0,88.0,359.5,100.5,109.3,34.71,30.35,66.6,99.2,1609.7,5.8,8.0,106.3,5550.0,124.8,339.8,97.7,108.9,97.6,102.6,108.2,349.1,98.1,108.7,119.2,103.6,106.7
2003-07-31,2003,7,98.2,105.6,113.5,244.8,652.7,1331.8,5152.1,100.5,100.4,100.5,101.9,100.7,103.7,108.0,108.7,185.8,101.5,111.4,6873.0,92.0,,17.0,38.4,63.3,2242.0,87.0,371.1,102.7,108.4,34.63,30.26,66.9,99.1,1611.3,5.7,7.9,101.3,5615.0,122.8,346.5,102.0,107.9,99.4,99.3,106.8,356.7,102.2,107.7,125.8,102.8,106.1
2003-08-31,2003,8,105.6,106.4,112.7,243.4,666.5,1343.8,5168.8,100.5,98.3,100.6,100.7,99.6,99.1,105.7,108.3,204.8,109.3,111.6,6418.0,94.2,,17.0,22.2,64.8,2097.0,82.0,382.2,103.0,106.6,33.2,30.5,67.3,98.9,1745.5,5.7,7.8,97.9,5491.0,122.5,350.2,101.0,108.8,100.4,101.0,105.2,361.2,101.2,108.6,124.6,98.0,102.7
2003-09-30,2003,9,109.2,102.2,113.1,248.1,684.6,1371.1,5428.2,100.6,99.7,100.9,100.9,100.3,102.8,109.1,108.4,216.9,104.7,112.4,6601.0,97.9,,17.4,13.2,68.1,2565.0,92.0,389.2,101.2,107.5,35.08,30.61,67.2,99.6,1747.3,5.7,7.8,101.2,5556.0,123.7,342.5,97.8,106.3,98.6,101.5,105.7,354.2,98.1,106.3,127.4,101.5,106.8
2003-10-31,2003,10,102.5,92.7,113.0,239.7,696.1,1368.8,5387.8,100.7,101.2,101.0,100.8,101.0,105.6,107.9,108.3,209.6,95.8,112.5,6377.0,97.3,,19.7,11.6,79.2,2894.0,100.0,406.9,103.4,107.7,34.87,29.86,67.1,100.4,1749.0,5.7,7.8,105.6,5864.0,126.9,367.4,107.3,107.5,102.9,101.0,105.8,378.2,106.8,107.5,128.4,99.9,107.5
2003-11-30,2003,11,98.9,95.4,110.1,239.3,701.4,1373.6,5315.3,100.8,101.3,100.8,100.4,101.0,97.3,109.0,108.4,216.2,102.4,112.6,6612.0,82.0,,16.7,20.2,84.5,2709.0,93.0,413.2,100.6,107.6,35.5,29.74,67.0,101.1,1750.7,5.7,7.8,102.1,5990.0,128.3,357.8,97.4,108.0,99.7,100.1,105.8,366.9,97.0,108.0,128.8,100.0,106.7
2003-12-31,2003,12,116.0,116.4,114.8,238.8,652.0,1306.1,5283.2,101.0,101.6,100.6,100.9,101.1,110.2,113.6,108.9,352.5,161.8,115.0,8101.0,87.7,,15.5,14.9,91.7,2918.0,99.0,481.3,115.4,108.8,36.82,29.45,66.6,101.3,1747.4,6.0,8.2,122.6,7344.0,128.4,373.6,104.4,109.3,99.6,96.7,107.7,382.8,104.3,109.3,138.8,106.6,107.2
2004-01-31,2004,1,62.3,53.5,113.2,213.2,600.6,1207.8,4897.8,101.4,101.6,100.5,104.1,101.8,88.2,107.6,107.6,124.1,35.0,117.5,5179.0,78.0,,14.9,28.5,91.6,2870.0,73.0,399.6,82.1,110.8,35.36,28.49,66.2,101.4,1762.4,6.3,8.7,80.1,5932.0,124.8,362.8,97.1,106.7,94.3,94.6,108.6,370.7,96.9,106.7,126.9,89.3,105.8
2004-02-29,2004,2,70.3,111.2,113.7,216.9,597.7,1202.6,5092.0,101.2,101.1,100.4,101.6,101.0,101.6,110.7,109.1,149.9,119.1,119.6,5608.0,83.7,,15.8,39.5,84.8,2948.0,90.0,400.6,99.4,112.1,35.51,28.52,65.8,101.5,1764.2,6.6,9.1,103.3,6141.0,129.1,345.5,95.2,109.5,93.2,105.8,108.8,353.8,95.4,109.3,128.6,100.2,107.1
2004-03-31,2004,3,85.3,121.1,114.2,212.7,608.7,1187.4,5433.1,100.8,101.1,100.4,100.6,100.8,107.6,107.5,108.6,168.2,111.8,118.1,6146.0,96.4,,18.5,33.4,85.3,3068.0,94.0,437.1,108.4,112.2,34.8,28.49,66.5,101.9,1764.6,6.1,8.5,104.7,6428.0,127.6,377.6,109.3,107.0,101.9,102.3,105.3,386.7,109.3,106.9,137.9,106.5,109.0
2004-04-30,2004,4,88.7,103.0,115.7,211.8,604.2,1181.3,5340.0,100.8,100.9,100.6,102.0,101.0,96.5,106.7,108.1,170.7,100.4,116.0,6822.0,97.6,,18.4,48.1,76.3,3046.0,103.0,439.1,99.7,112.8,34.14,28.88,67.3,102.4,1887.4,5.7,7.8,100.4,6448.0,125.5,367.4,97.3,109.2,99.5,100.9,104.7,376.0,97.2,109.1,140.2,99.8,107.8
2004-05-31,2004,5,100.4,111.4,114.8,209.0,599.5,1166.0,5355.0,100.7,100.4,100.8,101.4,100.7,96.2,107.7,108.0,209.2,120.8,115.7,5863.0,84.5,,16.3,45.1,68.8,2613.0,94.0,439.1,99.3,113.0,35.61,28.99,68.1,102.8,1889.3,5.2,7.1,101.1,6524.0,124.2,372.6,101.4,107.1,103.3,100.5,105.1,381.1,101.4,107.1,141.2,99.5,107.0
2004-06-30,2004,6,117.9,115.8,113.3,208.4,592.2,1153.5,5671.8,100.5,100.9,100.7,100.9,100.8,103.2,110.4,108.4,246.4,116.4,118.6,6561.0,95.6,,16.6,34.3,63.9,2872.0,104.0,444.0,100.2,112.7,35.29,29.03,68.2,102.4,1890.7,5.2,7.1,107.3,7003.0,125.3,359.2,96.4,105.7,101.3,101.4,103.8,369.1,96.9,105.7,148.8,104.5,108.0
2004-07-31,2004,7,120.4,100.2,107.5,208.4,589.0,1146.0,5625.3,100.5,101.1,100.6,101.3,100.9,100.9,107.4,108.3,236.8,94.9,110.9,6918.0,101.0,,19.2,23.2,64.8,2915.0,105.0,463.5,103.6,113.6,35.05,29.1,68.3,102.0,1893.1,5.1,7.0,99.7,6982.0,123.3,367.3,102.3,106.0,104.0,99.3,104.6,378.0,102.4,106.0,155.9,103.7,109.3
2004-08-31,2004,8,130.0,106.0,107.0,208.4,591.6,1151.8,5701.3,100.4,100.1,100.5,101.0,100.4,102.1,110.7,108.6,270.5,112.8,114.4,7226.0,98.4,,18.3,22.9,66.6,2824.0,95.0,479.2,103.0,113.7,35.15,29.24,68.3,101.6,2020.4,5.1,6.9,98.6,6873.0,124.2,374.0,101.8,106.8,104.9,100.9,104.5,385.3,101.9,106.7,157.7,100.2,112.0
2004-09-30,2004,9,133.7,101.0,105.8,208.1,593.0,1150.1,5936.5,100.5,100.0,100.9,100.6,100.4,99.3,106.9,108.4,276.0,100.8,110.1,7507.0,104.0,,17.0,19.9,69.0,2983.0,106.0,487.8,101.1,113.5,35.99,29.22,67.9,101.1,2023.3,5.3,7.2,100.7,6918.0,123.5,366.6,98.0,107.1,103.4,101.9,104.9,378.4,98.2,106.8,159.9,100.7,111.1
2004-10-31,2004,10,124.8,90.5,103.3,206.3,607.3,1171.3,5889.1,100.6,101.5,100.7,101.2,101.1,103.2,104.6,108.0,264.9,94.2,108.2,6546.0,92.3,,13.7,7.4,81.1,3032.0,104.0,512.7,104.0,114.2,36.65,28.77,67.5,100.6,2025.3,5.5,7.6,99.9,6908.0,116.7,384.7,104.9,104.7,108.0,101.0,104.9,395.8,104.6,104.7,158.7,97.2,107.8
2004-11-30,2004,11,127.6,100.5,108.8,202.8,590.0,1155.4,5901.6,100.5,101.7,100.7,100.8,101.1,101.5,109.1,108.1,290.9,108.5,114.7,5613.0,88.8,,16.4,19.5,85.0,2865.0,104.0,525.4,101.4,115.0,37.42,28.24,67.1,100.1,2027.3,5.7,7.9,102.0,7046.0,116.5,377.7,98.2,105.6,104.0,99.5,104.3,387.5,97.9,105.6,160.9,100.3,108.1
2004-12-31,2004,12,152.2,118.4,110.7,205.4,569.4,1122.2,5943.8,100.8,101.9,100.4,101.0,101.1,107.9,106.9,108.0,457.4,156.3,110.8,5735.0,89.7,,15.0,21.9,94.7,3304.0,139.0,614.4,115.6,115.1,37.81,27.75,67.0,100.6,2026.3,5.7,7.9,124.9,8799.0,118.8,385.9,102.2,103.3,103.1,95.9,103.5,395.7,102.1,103.4,173.1,106.3,107.6
2005-01-31,2005,1,80.9,52.5,108.6,173.8,540.7,1027.2,5709.9,101.0,101.5,100.4,108.8,102.6,85.2,103.2,103.2,148.1,32.0,103.5,3212.0,64.4,,8.8,6.8,91.4,2842.0,71.0,485.8,78.5,110.1,36.63,28.08,67.0,101.2,2027.3,5.7,7.9,83.0,7346.0,122.7,377.7,97.9,104.1,97.3,94.4,103.3,386.0,97.5,104.1,151.5,82.8,101.3
2005-02-28,2005,2,89.9,109.8,107.2,173.1,568.4,1061.5,5920.5,100.9,101.5,100.4,102.2,101.2,104.6,106.2,104.7,184.5,123.3,107.2,6067.0,84.6,,15.5,17.0,86.6,2969.0,83.0,488.9,99.9,110.6,36.63,27.77,66.9,101.7,2027.3,5.7,7.9,101.6,7465.0,120.5,348.4,92.2,100.8,94.9,108.0,101.8,357.7,92.7,101.1,157.5,102.3,102.9
2005-03-31,2005,3,109.2,121.1,107.3,173.2,570.2,1045.4,6311.7,100.8,102.3,100.4,101.2,101.3,106.6,105.2,104.9,207.9,112.3,107.7,6163.0,95.3,,17.3,24.1,89.4,3110.0,100.0,536.5,108.6,110.9,36.06,27.83,67.4,101.3,2321.5,5.5,7.6,108.5,8093.0,124.6,386.5,110.9,102.4,107.1,101.9,105.0,397.1,111.0,102.7,172.6,108.5,104.9
2005-04-30,2005,4,114.9,104.3,108.7,174.1,564.8,1023.3,6214.5,100.6,101.9,100.5,100.8,101.1,96.2,104.9,104.9,212.6,101.5,108.9,7008.0,92.3,,17.1,19.0,77.6,2900.0,75.0,553.3,102.0,113.5,36.01,27.77,67.9,100.9,2322.5,5.3,7.2,99.0,8002.0,122.6,373.2,96.6,101.6,105.0,101.3,105.5,383.1,96.5,101.9,178.7,102.8,107.5
2005-05-31,2005,5,129.1,110.6,107.9,173.2,569.8,1059.5,6275.5,100.6,101.2,100.4,100.8,100.8,94.6,103.2,104.5,250.6,116.4,104.9,5359.0,79.2,,15.6,35.4,70.0,3037.0,88.0,559.7,100.1,114.4,35.2,28.09,68.5,100.6,2324.8,5.1,6.9,101.0,8089.0,122.6,387.4,103.8,104.0,106.8,98.5,103.4,397.1,103.6,104.2,183.8,102.1,110.6
2005-06-30,2005,6,154.9,118.1,110.1,177.8,559.2,1062.5,6631.7,100.5,100.8,100.3,100.9,100.6,106.2,106.3,104.8,313.1,123.4,111.1,7019.0,85.4,,18.9,33.6,64.7,2877.0,92.0,561.9,99.5,113.6,34.52,28.67,68.7,100.8,2325.4,5.1,6.9,107.2,8637.0,122.3,369.2,95.3,102.8,104.7,101.3,103.4,380.3,95.8,103.0,192.1,103.5,109.6
2005-07-31,2005,7,165.4,105.4,115.8,174.8,555.5,1071.2,6556.2,100.5,100.2,100.4,100.9,100.5,99.7,105.0,104.9,306.5,97.0,113.6,6381.0,88.0,,18.3,27.5,66.9,2968.0,121.0,580.8,102.9,112.8,34.72,28.63,68.9,100.9,2325.4,5.1,6.8,100.0,8651.0,122.6,371.4,100.6,101.1,106.9,98.8,102.8,383.5,100.9,101.5,198.2,102.2,108.1
2005-08-31,2005,8,176.7,104.7,114.4,199.4,584.4,1077.3,6588.4,100.5,98.7,100.5,100.8,99.9,102.1,104.9,104.9,336.8,108.3,109.1,6433.0,94.9,,19.5,19.8,69.0,1990.0,115.0,600.8,103.3,113.2,34.88,28.55,69.1,101.1,2536.6,5.0,6.8,100.5,8616.0,123.9,379.9,102.3,101.6,109.1,102.1,104.0,392.0,102.2,101.7,200.7,100.5,108.5
2005-09-30,2005,9,179.2,100.0,113.2,193.3,549.2,1026.4,6880.7,100.5,99.1,101.1,100.9,100.3,100.6,106.3,105.0,350.3,103.2,111.7,5717.0,99.3,,19.9,6.4,71.0,2232.0,107.0,615.2,101.7,113.8,34.38,28.5,69.0,101.6,2537.9,5.1,6.8,102.5,8829.0,126.1,374.0,98.4,102.0,109.4,103.6,105.7,386.0,98.5,102.0,200.8,98.9,106.5
2005-10-31,2005,10,169.6,93.1,116.5,200.6,559.9,1038.4,6721.7,100.4,100.4,100.7,100.7,100.6,102.7,105.7,105.1,332.4,93.8,111.3,7272.0,91.3,,19.5,10.6,82.2,3168.0,105.0,638.9,103.2,113.0,34.53,28.42,69.0,102.2,2540.0,5.1,6.9,98.7,8701.0,124.9,396.3,106.0,102.9,114.1,101.0,105.7,407.5,105.4,102.8,200.6,98.9,108.2
2005-11-30,2005,11,175.9,102.8,119.1,195.3,554.0,1017.9,6750.6,100.6,101.0,100.6,100.6,100.7,102.1,106.3,105.2,382.5,114.3,117.2,8459.0,90.9,,17.9,12.0,87.6,3432.0,104.0,648.3,100.8,112.3,33.99,28.73,68.9,102.7,2541.5,5.1,6.9,102.6,8931.0,125.8,385.4,97.2,102.1,109.8,99.5,105.6,395.0,97.1,102.0,207.2,102.4,110.5
2005-12-31,2005,12,208.7,117.8,118.4,194.0,516.1,956.4,6389.3,100.6,101.1,100.5,100.8,100.8,105.9,104.3,105.1,585.8,152.3,114.2,9145.0,103.0,,16.7,23.8,96.7,3635.0,160.0,771.4,118.2,114.9,34.19,28.78,68.6,102.4,2538.2,5.3,7.2,126.7,11319.0,127.5,400.4,103.9,103.6,107.9,95.1,104.7,410.1,103.6,103.5,221.0,105.6,109.1
2006-01-31,2006,1,87.5,41.9,94.4,172.9,520.1,912.2,6054.5,100.7,102.2,100.4,106.2,102.4,85.6,104.8,104.8,176.3,30.0,106.6,4805.0,68.5,,11.9,30.8,99.6,1789.0,119.0,594.6,76.2,111.5,34.04,28.12,68.4,102.1,2539.2,5.5,7.5,78.7,9016.0,121.9,376.6,94.1,99.7,98.4,91.2,100.7,384.5,93.7,99.6,190.1,82.1,107.9
2006-02-28,2006,2,101.7,114.6,98.5,169.9,521.1,906.6,6250.4,100.7,103.4,100.5,101.0,101.7,101.1,101.3,103.0,217.5,121.5,105.0,7116.0,86.0,,17.8,87.4,90.1,3113.0,113.0,599.7,99.3,110.8,33.33,28.12,68.1,101.8,2539.4,5.7,7.8,102.7,9255.0,123.1,359.1,95.3,103.1,95.5,107.4,100.5,368.5,95.8,103.0,195.5,101.7,107.0
2006-03-31,2006,3,141.0,139.0,113.0,168.8,508.4,903.5,6758.6,100.8,101.3,100.4,100.7,100.8,111.5,106.0,104.1,264.6,121.6,113.7,7342.0,101.0,,20.4,51.0,91.2,2806.0,107.0,662.9,109.8,112.0,33.47,27.76,68.4,101.5,2538.2,5.7,7.6,107.1,9914.0,121.7,398.9,111.1,103.2,109.7,103.7,102.3,410.4,111.3,103.3,214.4,108.6,107.1
2006-04-30,2006,4,149.7,105.6,114.4,167.5,528.7,918.3,6667.6,100.6,100.2,100.3,100.6,100.4,94.6,104.2,104.1,267.8,100.7,112.8,6996.0,95.6,,21.2,64.5,80.6,2494.0,125.0,678.8,102.1,112.1,34.19,27.27,68.7,101.1,2724.6,5.6,7.5,99.3,9833.0,121.9,381.6,95.7,102.3,109.5,103.1,104.1,391.7,95.4,102.2,218.1,101.1,105.6
2006-05-31,2006,5,166.0,109.4,113.2,184.4,530.8,935.2,6819.1,100.7,100.4,100.4,100.6,100.5,100.7,110.9,105.4,340.6,125.7,121.9,6510.0,98.5,,19.1,111.0,74.3,2990.0,114.0,689.0,101.1,113.3,34.64,26.98,69.0,100.8,2727.3,5.5,7.4,104.2,10257.0,125.8,400.0,104.8,103.3,112.4,99.4,105.2,410.1,104.7,103.3,228.1,103.9,107.5
2006-06-30,2006,6,204.5,122.0,116.9,188.2,524.5,935.7,7374.6,100.5,99.9,100.3,100.7,100.3,100.5,104.9,105.3,409.2,119.3,117.8,8177.0,103.0,,21.4,164.0,68.2,3456.0,131.0,700.3,101.4,115.5,33.98,27.08,69.4,101.0,2728.7,5.3,7.1,108.3,11106.0,127.3,381.1,95.3,103.2,108.5,99.7,103.6,391.9,95.6,103.0,243.2,105.8,110.0
2006-07-31,2006,7,218.9,105.3,116.8,183.2,522.2,923.7,7420.0,100.9,100.9,100.4,100.6,100.7,101.3,106.5,105.5,381.5,92.1,111.8,8053.0,96.0,,20.3,145.0,70.6,2405.0,128.0,725.6,103.1,115.8,34.11,26.87,69.8,101.3,2730.4,5.1,6.8,98.5,10883.0,125.7,393.4,103.2,105.9,112.2,100.0,104.9,405.0,103.3,105.6,246.4,100.6,108.3
2006-08-31,2006,8,229.8,102.8,114.7,182.2,528.0,967.6,7476.6,101.2,99.1,100.8,100.8,100.2,103.6,108.2,105.8,437.6,113.0,116.7,8042.0,102.0,,22.8,110.0,73.2,2141.0,134.0,751.7,103.1,115.5,34.31,26.74,70.2,101.5,2833.0,4.8,6.4,99.9,10853.0,124.9,397.0,100.9,104.5,113.5,101.2,104.1,407.8,100.7,104.0,247.5,99.6,107.5
2006-09-30,2006,9,246.9,105.3,120.8,182.1,541.6,974.6,7844.7,101.1,99.0,100.8,100.5,100.1,99.4,106.8,106.0,468.2,105.4,119.3,8358.0,107.0,,22.0,29.7,74.0,2212.0,151.0,760.0,100.8,114.6,33.98,26.78,69.9,101.3,2835.1,4.9,6.5,102.5,11127.0,125.0,384.9,97.0,102.9,111.8,101.8,102.2,396.5,97.2,102.7,246.0,99.2,107.9
2006-10-31,2006,10,246.3,97.8,126.9,132.3,525.1,894.3,7537.5,100.9,99.8,100.6,100.4,100.3,104.4,108.6,106.2,462.9,97.4,123.8,8135.0,111.0,,23.9,18.5,86.5,3119.0,146.0,793.5,104.1,115.5,34.03,26.75,69.7,101.0,2836.5,4.9,6.6,99.5,11046.0,125.7,396.7,103.1,100.1,116.1,100.5,101.7,408.8,103.1,100.3,251.2,101.6,110.8
2006-11-30,2006,11,250.8,100.3,123.9,132.2,527.6,892.6,7721.7,101.0,100.7,100.6,100.5,100.6,100.9,107.3,106.3,508.6,108.5,117.6,8518.0,107.0,,22.8,213.0,90.9,3314.0,145.0,798.9,100.1,114.9,34.68,26.31,69.4,100.8,2838.7,4.9,6.6,102.4,11303.0,125.5,392.1,98.8,101.7,110.9,98.7,101.0,402.1,98.4,101.8,254.7,100.8,109.1
2006-12-31,2006,12,307.7,121.9,128.3,132.9,474.6,821.3,7696.8,100.7,101.2,100.5,100.7,100.8,104.2,105.6,106.3,795.2,155.3,120.0,6603.0,102.0,,21.8,22.4,96.6,3817.0,144.0,956.9,119.1,115.7,34.7,26.33,69.4,101.2,2841.6,5.1,6.8,126.2,14263.0,124.6,413.5,105.5,103.3,112.7,98.3,104.5,422.5,105.1,103.0,263.2,102.5,105.6
2007-01-31,2007,1,125.7,40.5,124.1,111.1,486.0,786.2,7548.8,100.7,101.0,100.4,104.7,101.7,88.9,109.7,109.7,255.3,31.7,127.6,5157.0,85.8,,18.4,68.0,95.0,2891.0,130.0,727.7,75.6,114.7,34.39,26.53,69.5,101.6,2844.4,5.2,6.9,80.9,11430.0,127.3,400.0,96.7,106.2,107.2,95.1,108.9,408.1,96.6,106.1,237.9,87.2,112.2
2007-02-28,2007,2,136.4,107.1,116.0,111.9,525.3,840.4,7914.8,100.6,100.9,100.3,102.6,101.1,98.8,107.1,108.4,298.0,115.3,121.1,6851.0,97.8,,21.2,130.0,89.9,3448.0,130.0,728.5,99.5,115.0,34.52,26.16,69.5,102.1,2847.2,5.3,7.1,102.8,11757.0,127.8,368.7,92.2,102.7,101.3,104.6,106.1,378.0,92.6,102.6,241.6,98.1,107.8
2007-03-31,2007,3,185.7,136.1,113.5,112.9,560.6,871.9,8602.0,100.6,100.8,100.4,100.6,100.6,111.1,106.8,107.8,344.3,115.2,114.7,7051.0,106.0,,24.8,140.0,90.9,2597.0,135.0,801.6,109.5,114.6,34.69,26.01,70.1,102.4,2847.2,5.0,6.7,106.0,12448.0,126.9,404.0,109.6,101.3,114.2,101.8,104.2,415.0,109.8,101.1,260.9,107.3,106.5
2007-04-30,2007,4,210.2,112.1,120.5,112.0,542.6,856.0,8514.9,100.5,100.8,100.4,100.5,100.6,94.7,106.9,107.6,364.5,104.8,119.4,6547.0,106.0,,24.7,179.0,81.6,2836.0,160.0,826.3,102.5,115.1,35.07,25.69,70.6,102.8,3083.9,4.7,6.3,100.3,12494.0,127.8,390.3,96.6,102.3,111.4,100.7,101.8,400.3,96.5,102.2,267.4,101.9,107.3
2007-05-31,2007,5,240.4,112.1,123.4,110.8,540.4,859.4,8759.1,100.5,101.0,100.4,100.5,100.6,100.7,106.9,107.5,472.2,127.5,121.1,6431.0,112.0,,21.3,185.0,77.4,3219.0,154.0,847.1,101.9,115.9,34.82,25.9,71.1,103.1,3087.0,4.4,5.8,102.4,12787.0,125.4,417.4,107.0,104.4,114.7,99.7,102.0,426.9,106.6,104.1,281.0,104.4,107.9
2007-06-30,2007,6,290.9,119.4,120.8,112.1,546.4,857.9,9567.8,100.5,102.0,100.3,100.6,101.0,100.9,107.3,107.4,577.7,120.9,122.7,7317.0,101.0,,22.9,180.0,70.8,3329.0,142.0,869.2,101.7,116.3,34.72,25.82,71.3,102.7,3100.8,4.3,5.7,107.3,13712.0,124.7,386.7,92.6,101.5,109.4,98.6,100.9,397.9,93.2,101.5,294.1,103.8,106.0
2007-07-31,2007,7,309.4,104.1,119.4,109.3,547.0,858.4,9494.2,100.6,101.6,100.4,100.6,100.9,103.0,109.1,107.7,543.1,92.5,123.2,7043.0,109.0,,24.0,118.0,72.5,2904.0,151.0,903.2,103.0,116.2,34.93,25.6,71.5,102.4,3104.5,4.3,5.6,98.9,13546.0,125.3,397.9,102.9,101.2,112.3,99.3,100.1,409.7,103.0,101.2,299.6,101.2,106.5
2007-08-31,2007,8,312.8,98.5,114.5,107.3,548.9,855.6,9569.3,100.5,99.2,100.6,100.5,100.1,101.0,106.4,107.5,584.2,105.6,115.1,6822.0,112.0,,22.8,63.9,74.9,3185.0,164.0,942.5,104.2,117.4,35.01,25.65,71.6,102.1,3107.6,4.2,5.5,98.0,13270.0,122.9,393.2,98.8,99.0,113.5,101.1,100.0,405.1,98.9,99.3,298.8,99.2,106.1
2007-09-30,2007,9,335.2,104.5,113.6,108.1,582.5,887.1,10309.1,100.6,101.1,100.8,100.4,100.8,97.9,104.8,107.2,616.8,103.7,113.2,8089.0,109.0,,24.9,57.9,77.0,3328.0,148.0,953.5,100.3,116.8,35.35,24.95,71.4,102.0,3110.7,4.2,5.5,103.1,13677.0,123.9,389.9,99.2,101.3,112.4,102.3,100.5,401.5,99.1,101.3,295.1,98.7,105.6
2007-10-31,2007,10,337.4,98.3,114.1,105.7,578.2,873.9,10268.2,100.8,103.7,100.9,100.1,101.6,105.2,105.7,107.0,684.7,109.0,126.7,8186.0,125.0,,27.3,58.2,87.9,3561.0,132.0,1004.2,103.3,115.9,35.59,24.72,71.1,102.0,3292.9,4.2,5.6,102.4,13986.0,127.3,405.6,104.0,102.2,117.5,108.1,101.2,417.0,103.9,102.0,302.3,102.5,106.5
2007-11-30,2007,11,340.3,99.3,112.9,105.9,576.8,869.2,10538.0,100.8,102.1,100.9,100.6,101.2,101.3,106.1,106.9,740.4,106.6,124.5,9000.0,116.0,,25.9,71.2,94.9,3436.0,162.0,1023.4,100.6,116.5,36.04,24.35,70.8,102.0,3296.2,4.2,5.6,104.8,14656.0,130.2,405.9,100.1,103.5,113.6,99.9,102.4,416.3,99.8,103.5,307.0,100.9,106.6
2007-12-31,2007,12,468.9,135.8,125.8,102.7,553.9,832.5,10652.8,100.7,101.8,100.7,100.9,101.1,103.1,105.0,106.8,1235.0,164.9,132.1,10368.0,115.0,,26.8,262.0,102.0,3841.0,215.0,1241.8,120.3,117.7,35.93,24.55,70.5,101.4,3663.9,4.5,6.0,126.9,18591.0,130.2,428.7,105.6,103.7,116.5,106.0,103.4,439.4,105.6,104.0,321.3,103.5,107.6
2008-01-31,2008,1,199.2,42.0,130.3,85.9,529.6,788.4,10105.1,100.9,102.1,100.6,105.4,102.3,90.4,106.7,106.7,364.3,29.0,120.9,4370.0,90.0,,17.7,148.0,103.0,2949.0,128.0,944.1,75.1,117.0,36.17,24.48,70.1,100.9,3682.3,4.9,6.5,78.8,14771.0,127.5,414.1,96.6,103.5,111.8,96.0,104.3,422.4,96.1,103.5,288.6,84.0,105.5
2008-02-29,2008,2,217.5,106.8,130.0,85.8,531.8,816.8,10989.9,101.0,101.8,100.6,101.4,101.2,100.1,108.1,107.4,447.3,120.3,126.1,6162.0,120.0,,23.8,133.0,94.5,3359.0,166.0,964.3,101.1,118.8,36.41,24.12,69.7,100.3,3892.5,5.2,6.9,104.1,15354.0,128.6,395.9,95.6,107.4,108.9,104.1,107.4,405.0,95.9,107.2,297.9,101.7,109.9
2008-03-31,2008,3,288.7,133.0,127.0,86.5,562.6,837.8,11537.3,101.1,102.2,100.7,100.6,101.2,106.4,103.5,106.0,503.0,112.3,123.0,6613.0,122.0,,24.8,133.0,93.5,3599.0,186.0,1049.4,107.4,116.6,37.07,23.52,70.4,100.5,3894.5,4.8,6.4,105.4,16172.0,127.9,424.4,107.2,105.0,119.1,102.3,104.2,434.8,107.4,104.8,313.7,104.6,106.9
2008-04-30,2008,4,315.3,107.5,121.8,86.4,539.6,820.0,11417.4,101.0,102.4,100.9,101.0,101.4,96.7,105.7,105.9,544.1,106.5,125.0,6870.0,138.0,,27.7,201.0,83.8,3743.0,179.0,1076.9,101.1,115.0,36.89,23.65,71.1,100.8,4040.0,4.4,5.8,102.4,16538.0,131.0,411.0,96.9,105.3,115.4,100.1,103.6,421.1,96.8,105.2,323.5,102.1,107.2
2008-05-31,2008,5,347.8,107.9,117.2,85.1,557.9,851.8,11821.3,101.0,102.3,100.8,101.0,101.4,99.5,104.5,105.6,672.2,121.5,119.1,6174.0,129.0,,24.4,183.0,80.0,3586.0,152.0,1115.8,102.2,115.4,36.78,23.74,71.8,101.0,4044.0,4.0,5.3,100.7,16643.0,128.9,421.1,102.4,100.9,114.9,96.4,100.2,430.8,102.3,100.9,331.4,101.3,104.0
2008-06-30,2008,6,420.2,118.4,116.2,83.9,584.9,863.7,12741.8,100.8,101.1,100.7,101.1,101.0,99.2,102.8,105.2,775.2,113.2,111.6,6004.0,125.0,,25.1,172.0,73.7,3922.0,179.0,1139.0,101.2,114.8,36.91,23.46,71.9,100.8,4048.0,4.1,5.5,106.4,17715.0,127.9,398.2,94.6,103.0,107.5,96.7,98.2,409.1,95.0,102.8,351.8,104.7,104.9
2008-07-31,2008,7,432.1,100.4,112.1,82.8,561.2,833.5,12653.9,100.6,100.0,100.7,100.9,100.5,102.1,101.9,104.7,725.5,91.8,110.8,4936.0,138.0,,26.0,146.0,76.2,4223.0,172.0,1187.5,103.8,115.7,36.53,23.45,71.9,100.7,4070.7,4.3,5.6,100.5,17758.0,130.3,404.1,101.5,101.6,112.0,100.8,99.7,416.5,101.8,101.7,365.5,102.8,106.5
2008-08-31,2008,8,415.2,93.5,106.4,83.3,590.2,871.2,12744.7,100.6,99.7,100.6,100.9,100.4,100.1,101.0,104.2,782.0,105.4,110.5,5551.0,125.0,,25.0,106.0,78.0,3848.0,200.0,1231.2,103.4,114.8,36.23,24.58,72.0,100.5,4536.3,4.4,5.8,97.5,17244.0,128.9,399.2,98.8,101.5,113.7,101.5,100.1,411.8,98.9,101.6,354.8,96.1,103.4
2008-09-30,2008,9,457.3,107.8,109.8,86.1,621.5,915.9,13459.6,100.7,100.8,100.7,101.0,100.8,99.7,102.8,104.1,861.5,108.3,115.4,5844.0,141.0,,23.0,86.0,81.8,3950.0,193.0,1245.4,100.4,115.0,36.37,25.25,71.5,100.2,4540.8,4.7,6.1,102.9,17739.0,128.2,392.6,98.4,100.7,111.6,101.7,99.3,405.0,98.4,100.9,360.5,100.7,105.5
2008-10-31,2008,10,439.1,94.8,105.9,86.7,684.5,977.5,13508.1,101.0,101.7,100.8,100.0,100.9,100.7,98.4,103.5,879.0,101.0,106.9,5310.0,139.0,,18.9,57.0,89.1,3777.0,190.0,1280.3,101.6,113.1,35.04,26.54,71.0,99.8,4542.9,4.9,6.5,99.5,17643.0,125.3,410.0,104.4,101.1,112.3,97.4,95.6,421.9,104.2,101.2,362.5,100.8,104.1
2008-11-30,2008,11,438.9,99.7,106.3,88.9,755.0,1048.6,13645.5,100.8,101.3,100.5,100.7,100.8,90.1,87.5,101.9,877.4,99.4,99.7,4033.0,109.0,,10.8,24.0,89.3,3071.0,170.0,1247.1,96.6,108.7,35.72,27.61,70.5,99.5,4545.5,5.2,6.8,99.7,17598.0,119.3,371.1,90.5,91.4,90.8,83.5,79.9,380.9,90.3,91.5,355.9,97.4,100.4
2008-12-31,2008,12,556.8,128.0,100.1,88.0,715.8,994.5,13353.3,100.8,101.0,100.1,101.0,100.7,102.7,87.2,100.6,1350.1,154.6,93.5,4610.0,95.4,,8.9,45.5,97.2,2650.0,228.0,1463.2,116.7,105.5,41.44,29.38,69.7,98.9,4545.9,5.8,7.6,123.1,21681.0,115.3,378.8,102.1,88.4,85.9,91.6,73.7,389.1,102.2,88.5,373.7,103.7,100.7
2009-01-31,2009,1,196.8,36.0,86.0,80.5,770.3,1031.9,13201.3,100.9,101.5,100.7,106.3,102.4,84.7,81.7,81.7,340.2,25.2,81.3,719.0,18.2,4.1,4.2,17.9,95.9,1612.0,83.0,1103.1,74.6,104.7,45.66,35.41,68.9,98.3,4546.3,6.3,8.4,79.0,17119.0,115.5,342.3,90.4,82.7,74.8,87.1,66.9,348.9,89.7,82.6,334.8,85.0,100.4
2009-02-28,2009,2,201.6,101.8,82.0,82.3,775.5,1050.2,13471.3,101.4,101.9,101.6,101.4,101.7,101.0,82.5,82.1,426.2,124.0,83.8,1703.0,46.9,4.6,4.6,25.4,87.5,1229.0,135.0,1073.0,95.6,99.1,45.35,35.72,68.1,97.6,4550.8,6.9,9.2,100.1,17098.0,111.1,324.3,94.7,81.9,79.6,117.9,73.2,331.6,95.0,81.9,338.7,100.2,98.5
2009-03-31,2009,3,263.3,133.8,82.5,82.9,797.6,1086.0,13687.8,101.6,101.7,101.4,100.6,101.3,110.5,85.7,83.3,457.9,108.4,80.9,2887.0,57.8,7.7,7.5,53.7,90.4,1747.0,154.0,1154.5,105.9,97.7,44.94,34.01,68.6,97.4,4743.3,6.8,9.0,105.8,18129.0,111.9,356.1,109.8,83.9,93.2,105.6,78.2,364.5,109.9,83.8,358.1,104.9,98.6
2009-04-30,2009,4,293.6,112.7,86.5,85.2,780.6,1079.1,13734.5,101.1,100.6,101.0,100.3,100.7,95.9,85.0,83.7,485.0,106.0,80.4,2873.0,60.1,8.9,8.7,69.6,78.4,1920.0,112.0,1151.4,98.9,95.6,43.84,33.25,69.1,97.1,5144.3,6.6,8.7,99.3,18009.0,108.3,335.0,94.1,81.5,89.2,98.9,77.3,342.8,94.0,81.4,357.7,99.5,96.2
2009-05-31,2009,5,295.9,100.6,80.7,85.3,819.5,1125.4,14069.9,101.0,100.6,100.7,100.3,100.6,98.7,84.3,83.9,562.5,115.3,76.3,2172.0,47.4,6.8,6.8,65.4,73.1,1045.0,109.0,1175.2,101.4,94.8,43.38,30.98,69.6,96.9,5149.4,6.4,8.4,100.0,18007.0,107.5,341.8,102.0,81.2,91.5,99.3,79.7,349.6,102.0,81.2,358.9,99.8,94.8
2009-06-30,2009,6,359.7,121.9,83.1,86.6,862.2,1165.1,14646.5,100.6,100.5,100.8,100.5,100.6,102.4,87.0,84.4,674.6,119.5,80.6,2842.0,58.8,7.8,7.6,47.8,68.8,1126.0,113.0,1186.6,100.3,94.0,43.82,31.29,69.9,97.3,5160.1,6.3,8.2,106.9,19247.0,108.2,336.1,98.3,84.4,92.6,104.5,86.1,344.2,98.4,84.1,378.5,105.0,95.2
2009-07-31,2009,7,369.0,102.7,85.0,87.4,844.5,1154.2,14507.2,100.4,100.6,100.6,100.8,100.6,103.3,88.0,84.9,633.4,93.4,81.9,2826.0,61.1,9.4,9.4,28.5,71.5,2068.0,149.0,1218.8,102.1,92.5,44.69,31.76,70.2,97.6,5168.2,6.1,8.0,98.2,18872.0,106.0,374.3,111.4,92.6,97.2,101.6,86.8,383.2,111.3,92.0,383.1,100.4,93.0
2009-08-31,2009,8,359.2,96.1,87.3,81.5,821.7,1120.9,14584.9,100.3,98.9,100.6,100.4,100.0,98.9,86.9,85.2,675.8,105.2,81.7,3039.0,19.4,6.5,6.3,29.5,71.2,1896.0,71.0,1236.5,101.6,90.8,45.3,31.57,70.5,97.9,5409.8,6.0,7.8,97.4,18335.0,105.8,375.6,100.3,94.1,99.7,102.5,87.7,384.8,100.4,93.4,373.7,97.3,94.2
2009-09-30,2009,9,377.3,104.2,84.4,83.4,824.8,1123.9,15039.0,100.3,99.0,100.7,100.1,100.0,102.4,89.3,85.6,751.8,110.1,83.1,3310.0,56.6,6.9,6.7,25.2,74.7,1684.0,125.0,1232.8,99.8,90.2,44.01,30.09,70.4,98.5,5412.3,5.7,7.5,102.7,18838.0,105.3,370.6,98.7,94.4,99.0,102.6,88.7,379.9,98.7,93.8,375.0,100.3,93.7
2009-10-31,2009,10,374.3,99.2,88.4,84.9,833.2,1138.7,14774.3,100.3,99.3,100.6,99.9,100.0,104.3,92.6,86.3,771.9,102.1,84.0,3636.0,57.4,9.0,8.7,5.1,86.0,3064.0,131.0,1273.8,103.3,91.7,43.07,29.05,69.9,98.5,5413.4,5.8,7.6,99.7,18798.0,105.9,391.8,105.7,95.6,100.1,97.9,89.2,401.5,105.7,95.2,376.9,100.5,93.2
2009-11-30,2009,11,380.8,101.1,89.7,84.8,770.1,1068.1,14860.6,100.4,100.2,100.4,100.1,100.3,100.8,103.6,87.8,831.3,106.8,90.3,3990.0,58.9,10.1,10.2,6.8,91.0,2670.0,113.0,1265.2,99.0,93.9,44.36,29.82,69.3,98.3,5417.7,6.1,8.1,102.2,19215.0,108.6,390.8,99.7,105.3,95.7,98.8,105.5,400.1,99.7,105.1,377.0,99.8,95.3
2009-12-31,2009,12,526.8,138.3,96.9,82.3,680.9,957.9,14881.5,100.5,100.6,100.2,100.5,100.4,106.6,107.5,89.3,1365.4,163.4,95.4,5486.0,54.7,11.1,10.6,13.3,102.0,3523.0,89.0,1528.3,120.3,96.8,43.39,30.24,69.2,99.4,6177.4,6.0,8.0,124.8,24004.0,110.2,404.9,103.6,106.9,95.6,96.7,111.4,415.0,103.7,106.7,407.6,107.6,98.3
2010-01-31,2010,1,184.8,35.1,94.3,75.0,666.5,918.8,14656.0,101.4,101.4,100.2,103.9,101.6,85.4,108.5,108.5,331.7,24.3,91.7,281.0,44.0,2.9,,55.1,102.0,3143.0,38.0,1196.4,77.7,100.8,42.46,30.43,67.9,98.5,7118.7,6.7,9.0,78.0,18938.0,109.3,385.4,95.2,112.6,87.6,91.6,117.2,391.7,94.4,112.2,357.2,84.5,98.1
2010-02-28,2010,2,199.9,106.3,98.5,76.3,703.9,961.5,14973.2,101.2,101.3,100.3,101.0,100.9,100.0,107.3,107.9,421.5,125.1,92.5,2148.0,60.3,8.2,,66.9,92.5,3572.0,104.0,1166.7,96.8,102.0,40.8,29.95,68.2,100.1,7125.8,6.3,8.5,101.0,19017.0,109.9,359.1,93.2,110.7,88.4,111.6,111.0,366.1,93.5,110.4,369.6,102.4,99.9
2010-03-31,2010,3,262.2,134.0,98.6,77.3,705.9,965.4,15446.9,101.1,101.0,100.4,100.4,100.6,112.6,109.3,108.4,489.7,117.6,100.4,3401.0,85.3,11.2,,115.0,94.6,3396.0,105.0,1270.9,108.2,104.2,39.7,29.36,68.4,99.7,7132.9,6.4,8.5,108.2,20589.0,112.7,400.3,111.5,112.4,103.2,105.5,110.7,409.0,111.7,112.2,396.1,106.6,101.6
2010-04-30,2010,4,309.8,117.5,102.8,77.5,677.1,937.9,15251.8,100.8,100.2,100.3,100.2,100.3,94.2,107.4,108.2,527.2,107.4,101.7,3069.0,93.6,12.9,,136.0,82.3,4168.0,113.0,1283.2,100.6,106.0,38.7,29.29,69.0,99.8,7573.9,6.0,8.1,99.0,20358.0,112.3,387.8,96.9,115.8,101.1,101.2,113.3,396.2,96.9,115.6,394.0,99.2,101.5
2010-05-31,2010,5,318.8,100.8,103.0,77.8,705.6,973.0,15641.7,100.8,100.7,100.4,100.4,100.5,99.3,108.1,108.1,642.2,119.7,105.6,2925.0,96.3,10.7,,155.0,76.8,3536.0,141.0,1320.6,102.4,107.1,37.63,30.5,70.3,101.0,7581.5,5.5,7.2,99.7,20279.0,112.1,390.6,100.7,114.3,103.1,98.8,112.7,399.1,100.7,114.2,396.5,100.2,102.1
2010-06-30,2010,6,427.2,132.7,112.1,78.9,705.2,962.8,16619.5,100.4,100.6,100.2,100.4,100.4,101.6,107.3,108.0,793.1,122.6,108.3,3859.0,107.0,15.1,,157.0,72.8,4537.0,133.0,1339.8,101.2,108.0,38.19,31.2,71.2,101.8,7584.1,5.1,6.7,107.5,21795.0,112.8,367.1,94.0,109.2,101.2,101.4,109.3,375.8,94.1,109.2,413.7,103.8,101.1
2010-07-31,2010,7,397.0,92.3,100.7,79.5,687.9,945.5,16510.3,100.4,100.3,100.3,100.6,100.4,100.7,104.6,107.5,683.9,85.8,99.5,3488.0,111.0,14.9,,159.0,75.1,3962.0,132.0,1384.5,103.0,108.9,39.47,30.19,71.0,101.1,7588.4,5.2,6.8,97.9,21325.0,112.4,378.6,103.1,101.1,103.5,98.9,106.5,387.9,103.2,101.2,416.6,100.0,100.8
2010-08-31,2010,8,424.7,104.6,109.7,80.2,692.9,956.4,16701.2,100.4,101.0,100.4,100.3,100.6,101.1,106.9,107.4,794.7,114.2,108.1,3998.0,97.3,11.5,,58.9,76.5,4095.0,48.0,1418.4,101.8,109.2,39.03,30.66,71.3,101.1,7596.0,5.1,6.7,97.3,20753.0,112.0,380.9,100.6,101.4,104.9,101.4,105.3,390.2,100.6,101.4,408.6,97.9,101.4
2010-09-30,2010,9,466.7,108.3,114.0,82.2,715.1,996.2,17066.9,100.4,101.8,100.6,100.0,100.8,101.7,106.2,107.3,882.9,109.8,107.8,4521.0,128.0,15.8,,18.4,78.0,4451.0,116.0,1413.0,98.4,107.7,41.35,30.4,71.3,101.3,7603.6,4.9,6.5,101.2,20999.0,110.4,379.8,99.7,102.5,102.0,100.5,103.1,389.6,99.8,102.5,412.0,101.1,102.2
2010-10-31,2010,10,419.8,89.2,102.5,83.1,704.8,989.3,17328.6,100.5,100.8,100.6,100.0,100.5,105.3,107.2,107.3,931.2,104.8,110.6,4147.0,131.0,17.8,,79.3,89.8,4741.0,98.0,1467.0,103.1,107.5,42.73,30.78,70.6,101.0,7608.4,5.0,6.7,99.8,20970.0,110.7,406.8,107.1,103.8,106.8,101.3,106.6,416.8,107.0,103.8,414.5,100.6,102.2
2010-11-30,2010,11,430.0,101.5,102.9,83.7,710.8,991.6,17533.3,100.4,101.5,100.7,100.2,100.8,101.0,107.4,107.3,977.7,104.3,108.0,4054.0,126.0,17.8,,86.5,92.4,5202.0,107.0,1475.3,99.6,108.2,41.57,31.31,70.4,101.6,7603.5,4.9,6.6,102.5,21486.0,110.9,405.3,99.6,103.7,103.7,100.4,108.3,414.9,99.5,103.7,423.4,101.9,104.2
2010-12-31,2010,12,613.2,142.8,106.2,81.6,721.3,1006.0,17683.4,100.4,102.4,100.5,100.4,101.1,106.4,107.2,107.3,1676.3,171.4,113.3,5053.0,128.0,16.7,,81.7,105.0,5669.0,99.0,1776.2,119.1,107.1,40.33,30.48,69.7,100.7,7598.7,5.3,7.0,130.4,28027.0,115.6,403.8,99.6,99.7,100.3,93.6,104.8,414.5,99.9,99.9,448.8,105.4,101.8
2011-01-31,2011,1,201.3,32.7,98.9,70.4,789.1,1061.2,17392.4,101.2,102.8,100.9,104.1,102.4,84.7,106.2,106.2,367.8,21.6,100.9,1496.0,100.0,8.0,,119.0,102.0,4550.0,37.0,1362.5,75.4,103.9,40.65,29.67,69.2,102.0,7593.9,5.7,7.6,74.5,20669.0,111.0,405.0,100.3,105.1,96.9,96.7,110.6,411.6,99.3,105.1,402.1,86.0,103.9
2011-02-28,2011,2,224.9,108.8,101.3,71.0,846.5,1122.7,18134.7,100.9,101.3,100.3,100.8,100.8,99.1,105.3,105.8,486.3,129.8,104.6,2707.0,128.0,13.5,,110.0,93.8,4994.0,102.0,1355.6,98.7,106.0,40.01,28.94,69.6,102.0,8214.8,5.6,7.4,99.9,20680.0,110.2,377.0,93.1,105.0,93.0,106.2,105.2,384.5,93.4,105.0,409.7,101.2,102.6
2011-03-31,2011,3,307.4,140.1,105.9,71.4,805.0,1105.0,18719.1,100.7,101.0,100.5,100.3,100.6,110.8,103.7,105.0,567.9,118.4,105.4,3090.0,149.0,17.8,,147.0,96.3,5295.0,125.0,1466.7,107.4,105.2,40.02,28.43,69.7,101.9,8223.0,5.2,7.0,109.6,22673.0,112.1,406.5,107.8,101.6,104.7,101.7,101.5,415.9,108.2,101.7,438.5,106.6,102.5
2011-04-30,2011,4,334.7,108.8,98.0,69.5,774.3,1076.5,18789.1,100.7,100.3,100.5,100.5,100.4,95.9,105.5,105.1,611.1,107.6,105.8,3028.0,152.0,18.5,,156.0,84.1,5474.0,117.0,1486.4,100.9,105.5,40.81,27.5,69.8,101.2,8255.5,5.3,7.1,99.3,22519.0,112.2,396.3,97.5,102.2,103.4,102.1,102.3,405.0,97.4,102.2,443.5,100.7,104.1
2011-05-31,2011,5,353.3,103.4,100.6,69.1,780.3,1076.9,19115.4,100.7,99.9,100.8,100.7,100.5,100.0,106.2,105.4,766.9,123.8,109.4,2726.0,135.0,16.9,,134.0,79.0,5089.0,109.0,1533.8,102.8,105.9,40.06,28.07,71.2,101.3,8253.8,4.7,6.2,101.0,22779.0,113.4,413.8,104.4,105.9,106.2,99.4,103.0,423.0,104.4,106.0,447.5,99.9,104.0
2011-06-30,2011,6,471.1,133.1,100.9,69.1,776.8,1079.7,19883.4,100.6,99.6,100.4,100.7,100.2,101.9,106.5,105.5,928.0,121.0,107.9,4013.0,148.0,18.9,,126.0,73.7,5750.0,106.0,1553.0,101.2,105.9,40.39,28.08,71.5,100.5,8252.1,4.5,6.0,105.9,24137.0,112.0,394.6,95.4,107.5,103.6,100.8,102.3,404.1,95.5,107.5,465.6,103.1,103.4
2011-07-31,2011,7,457.5,96.0,104.9,69.3,877.1,1189.8,19542.3,100.5,99.1,100.3,100.6,100.0,99.9,105.5,105.5,824.0,88.1,110.7,3296.0,136.0,17.9,,162.0,77.5,5441.0,101.0,1600.9,103.3,106.1,39.52,27.68,71.8,101.1,8250.4,4.9,6.4,97.8,23598.0,111.6,395.1,100.1,104.4,105.9,99.0,102.4,405.3,100.3,104.5,459.4,97.7,101.1
2011-08-31,2011,8,490.2,104.3,104.6,68.4,851.3,1165.2,19503.5,100.4,98.4,100.5,100.3,99.8,101.5,106.0,105.6,969.2,115.7,112.1,4216.0,142.0,16.7,,41.4,77.8,5536.0,43.0,1654.4,103.8,108.2,41.84,28.86,72.1,101.2,8263.3,4.6,6.0,97.9,23051.0,112.4,387.2,98.0,101.7,105.4,99.5,100.5,397.8,98.2,102.0,461.8,100.3,103.7
2011-09-30,2011,9,548.5,110.8,107.1,69.3,894.6,1198.7,20386.4,100.6,99.1,100.7,99.9,100.0,100.4,104.6,105.5,1060.9,108.8,111.0,4619.0,168.0,21.2,,62.7,79.2,5456.0,103.0,1645.2,99.5,109.3,43.4,31.88,72.1,101.1,8276.3,4.6,6.0,101.8,23468.0,112.9,381.6,98.5,100.5,102.6,100.6,100.6,392.7,98.7,100.8,456.9,99.5,102.2
2011-10-31,2011,10,516.0,92.8,111.4,69.6,890.0,1205.6,20362.2,100.5,100.5,100.7,100.1,100.5,104.1,103.3,105.2,1175.4,109.8,116.3,4262.0,164.0,20.3,,17.1,88.7,5080.0,104.0,1703.3,102.9,109.1,42.38,29.9,71.1,100.6,8289.3,4.7,6.2,100.6,23602.0,113.8,409.6,107.3,100.7,109.8,103.6,102.9,420.4,107.1,100.9,461.7,100.9,102.4
2011-11-30,2011,11,513.3,99.2,108.9,68.3,894.5,1201.0,20774.2,100.7,100.5,100.6,100.1,100.4,101.6,103.9,105.1,1192.3,101.1,112.8,4809.0,159.0,18.0,,5.7,96.1,5016.0,112.0,1696.0,99.0,108.5,41.85,31.32,71.1,101.0,8283.8,4.7,6.2,102.9,24296.0,114.3,408.6,99.8,100.8,104.6,98.4,100.9,419.6,99.8,101.1,474.1,102.6,102.9
2011-12-31,2011,12,722.1,141.2,107.7,67.8,884.4,1208.3,20954.3,100.7,100.7,100.3,100.3,100.4,106.6,104.1,105.0,2085.9,175.2,115.3,5982.0,158.0,19.1,,52.1,103.0,5175.0,139.0,2046.5,120.1,109.4,41.67,32.2,71.1,101.9,8278.2,4.5,6.0,135.0,32809.0,118.2,423.3,103.6,104.8,105.4,97.5,105.2,434.7,103.6,104.9,504.0,105.8,103.2
2012-01-31,2012,1,238.8,32.9,108.5,60.0,870.1,1187.4,20537.1,101.0,100.7,100.4,100.2,100.5,84.2,103.6,103.6,457.3,21.8,116.3,2384.0,117.0,9.0,,224.0,102.0,4851.0,49.0,1524.5,74.1,107.5,39.97,30.36,70.1,101.3,8272.7,4.8,6.3,72.6,23746.0,115.1,426.9,100.8,105.4,101.5,96.3,104.7,434.2,99.9,105.5,435.7,86.3,103.7
2012-02-29,2012,2,257.3,104.9,104.6,64.1,909.4,1222.8,20963.4,101.0,100.6,100.3,100.0,100.4,102.2,106.8,105.2,602.3,129.4,116.0,3673.0,159.0,17.0,,176.0,101.0,5587.0,70.0,1524.4,99.5,108.3,38.91,28.95,70.1,100.8,8809.8,4.7,6.2,101.2,24036.0,116.3,393.5,92.2,104.4,96.9,102.1,104.3,401.8,92.5,104.5,452.0,103.9,106.5
2012-03-31,2012,3,347.6,138.5,103.5,67.3,919.9,1249.2,21676.0,101.0,100.8,100.5,100.4,100.6,107.1,103.2,104.5,670.5,112.9,110.6,5023.0,174.0,18.1,,150.0,98.4,5980.0,75.0,1640.8,106.9,107.8,39.17,29.33,70.0,100.4,8980.9,4.7,6.3,106.3,25487.0,113.0,425.0,108.0,104.6,108.0,104.2,103.2,434.8,108.2,104.5,476.7,104.8,104.6
2012-04-30,2012,4,383.2,109.9,104.5,66.4,878.9,1215.1,22099.7,100.7,100.2,100.4,100.3,100.3,95.1,102.3,103.9,709.9,105.5,108.4,4979.0,172.0,18.9,,157.0,83.9,5931.0,74.0,1650.1,100.2,107.0,38.92,29.36,71.0,101.7,9152.6,4.2,5.6,101.2,25800.0,115.1,406.7,95.7,102.6,106.4,101.8,102.9,416.0,95.7,102.7,476.8,99.7,103.5
2012-05-31,2012,5,423.4,109.1,110.2,66.6,879.0,1188.9,21887.5,100.6,100.5,100.4,100.7,100.5,100.9,103.3,103.8,931.6,130.0,113.9,4563.0,169.0,19.5,,170.0,79.2,5997.0,82.0,1712.9,103.3,107.6,40.46,32.45,72.4,101.6,9150.0,4.0,5.2,102.4,26385.0,116.5,413.6,101.7,100.0,109.3,99.4,102.9,423.5,101.8,100.1,482.4,100.2,103.6
2012-06-30,2012,6,524.1,123.3,102.1,66.8,904.4,1257.3,22865.2,100.6,101.8,100.2,100.8,100.9,100.1,101.5,103.4,1089.0,116.1,109.3,5023.0,168.0,18.0,,167.0,74.6,6346.0,77.0,1749.2,101.3,107.7,41.32,32.82,72.4,101.3,9147.5,4.0,5.2,104.2,27494.0,114.9,392.2,94.8,99.4,106.6,100.8,102.9,402.4,95.0,99.6,502.1,103.1,103.5
2012-07-31,2012,7,508.6,95.6,101.7,66.9,920.3,1237.8,22954.8,102.2,100.9,100.3,102.7,101.2,101.9,103.6,103.4,976.6,88.8,110.2,4528.0,151.0,16.2,,161.0,77.1,6419.0,77.0,1794.1,101.8,106.2,39.55,32.19,72.5,101.0,9144.9,4.0,5.2,97.2,26684.0,114.1,402.0,102.5,101.7,109.1,99.0,102.9,412.5,102.5,101.8,503.3,97.8,103.5
2012-08-31,2012,8,552.6,106.8,104.1,67.4,900.2,1214.5,22734.0,101.2,99.2,100.4,100.6,100.1,102.3,104.4,103.5,1099.1,111.4,106.2,4829.0,149.0,19.0,,88.9,78.4,6661.0,36.0,1848.7,102.8,105.3,40.53,32.29,72.8,100.9,9155.4,3.8,5.0,96.4,25718.0,112.3,403.4,100.3,104.2,109.0,99.9,103.4,414.4,100.5,104.2,499.0,98.8,102.0
2012-09-30,2012,9,599.0,107.3,100.7,69.1,942.2,1236.7,23094.7,101.0,100.0,100.7,101.0,100.6,98.4,102.3,103.4,1149.3,103.8,101.2,5288.0,176.0,17.9,,42.6,79.0,6390.0,75.0,1849.6,99.5,105.3,39.98,30.92,72.4,100.4,9165.8,3.8,5.0,101.1,25996.0,111.6,405.0,100.4,106.1,106.3,100.8,103.6,416.3,100.5,106.0,501.6,100.2,102.6
2012-10-31,2012,10,560.7,92.7,100.7,69.1,959.2,1257.2,23068.9,100.8,100.5,100.7,100.1,100.5,105.3,103.5,103.4,1373.0,118.7,109.4,5712.0,186.0,20.6,,51.5,89.2,6564.0,60.0,1904.5,102.3,104.7,40.71,31.53,71.7,100.9,9176.4,3.9,5.1,103.1,26803.0,114.1,415.9,102.7,101.6,111.2,101.2,101.2,427.3,102.6,101.6,515.1,102.8,104.4
2012-11-30,2012,11,553.1,99.1,100.5,70.1,953.6,1259.7,23129.1,100.6,100.4,100.4,100.0,100.3,101.3,103.3,103.4,1303.3,95.1,102.9,5298.0,182.0,18.5,,103.0,94.2,5715.0,89.0,1900.3,99.3,105.0,40.21,31.06,71.6,100.7,9168.8,3.9,5.2,102.4,27448.0,113.6,416.5,100.1,101.9,106.2,98.7,101.5,427.4,100.0,101.9,524.9,102.1,103.8
2012-12-31,2012,12,765.7,137.6,98.0,70.6,911.1,1188.4,23631.7,100.8,100.9,100.3,100.4,100.5,106.1,102.8,103.4,2224.2,170.0,99.9,6661.0,160.0,19.3,,185.0,107.0,5256.0,116.0,2295.4,120.1,105.0,40.23,30.37,71.5,100.7,9161.2,3.8,5.1,132.8,36450.0,111.9,433.5,104.1,102.4,101.5,92.4,96.2,445.0,104.1,102.4,556.6,105.2,103.1
2013-01-31,2013,1,269.7,35.5,105.6,54.9,831.3,1100.5,23069.9,104.9,101.2,100.4,100.6,101.0,81.6,99.6,99.6,511.4,21.1,104.0,2062.0,135.0,7.6,,206.0,104.0,4016.0,25.0,1710.7,73.7,104.5,40.51,30.03,70.7,100.9,9153.6,4.5,6.0,73.4,26840.0,112.9,420.9,97.0,98.6,95.2,93.8,93.7,427.3,96.0,98.4,494.9,88.3,105.6
2013-02-28,2013,2,284.1,103.0,103.7,56.1,969.1,1232.8,23481.1,102.0,100.6,100.4,100.4,100.6,99.4,96.9,98.2,652.5,125.8,101.1,4084.0,163.0,14.1,,216.0,92.6,4128.0,67.0,1690.3,98.2,103.1,40.04,30.62,71.0,101.3,9710.8,4.3,5.8,99.6,26620.0,110.8,384.5,91.4,97.7,93.9,109.2,96.8,391.9,91.7,97.5,504.1,101.5,103.1
2013-03-31,2013,3,385.8,139.8,104.6,57.8,1105.0,1364.2,24632.0,101.4,100.2,100.4,100.2,100.3,110.4,99.9,98.8,741.5,114.9,102.8,4366.0,165.0,17.7,,238.0,98.4,4375.0,66.0,1840.3,108.4,104.5,39.8,31.08,71.0,101.4,9859.5,4.3,5.7,107.9,28693.0,112.5,419.3,109.0,98.6,104.8,100.9,97.1,429.3,109.5,98.7,516.8,102.5,100.8
2013-04-30,2013,4,399.7,103.4,98.4,58.6,1098.4,1378.1,24777.3,101.0,100.7,100.4,100.5,100.5,96.3,101.1,99.4,771.6,104.3,101.7,5049.0,167.0,20.6,,257.0,86.1,4972.0,64.0,1850.3,100.0,104.3,40.84,31.26,71.1,100.1,10008.2,4.2,5.6,104.7,30026.0,116.4,407.1,97.1,100.1,102.6,101.1,96.4,417.1,97.2,100.3,527.1,101.5,102.6
2013-05-31,2013,5,449.0,111.0,100.1,58.7,1130.1,1414.1,24861.3,100.8,101.0,100.3,100.8,100.7,99.3,99.5,99.4,987.0,127.1,99.4,4546.0,139.0,16.7,,303.0,79.8,5059.0,69.0,1902.3,102.3,103.4,40.97,31.59,71.7,99.0,10013.8,3.9,5.2,99.0,29723.0,112.4,414.7,101.9,100.3,105.5,99.5,96.6,425.1,101.9,100.4,525.6,98.5,100.9
2013-06-30,2013,6,546.6,120.7,98.0,57.5,1144.8,1431.6,26529.2,100.8,100.5,100.2,100.6,100.4,102.3,101.7,99.8,1160.1,116.6,99.9,4797.0,160.0,18.2,,214.0,74.7,4626.0,55.0,1940.2,101.7,103.8,42.72,32.71,71.4,98.6,10019.3,4.1,5.4,104.3,30986.0,112.6,389.4,93.9,99.3,103.5,101.4,97.1,400.2,94.1,99.5,539.5,101.9,99.8
2013-07-31,2013,7,562.2,102.6,105.2,57.8,1124.9,1397.0,26725.7,100.5,99.8,100.1,103.1,100.8,101.0,100.8,99.9,1053.2,90.7,102.0,4297.0,149.0,13.8,,139.0,76.2,4596.0,70.0,1991.2,102.5,104.5,43.61,32.89,71.8,99.1,10024.9,4.0,5.3,97.6,30229.0,113.3,399.9,102.7,99.5,106.6,99.7,97.8,411.2,102.8,99.7,555.5,100.4,102.4
2013-08-31,2013,8,555.6,97.4,96.0,58.5,1080.7,1358.8,26779.2,100.5,99.0,100.5,100.9,100.1,101.3,99.8,99.9,1147.2,107.9,98.8,5294.0,153.0,17.1,,51.3,77.7,5160.0,4.0,2041.1,102.6,104.2,44.01,33.25,72.4,99.5,10035.0,4.0,5.2,96.9,29226.0,113.7,405.1,101.3,100.4,107.5,100.8,98.6,416.7,101.3,100.6,559.5,100.2,103.9
2013-09-30,2013,9,601.4,106.6,95.3,58.2,1173.4,1454.8,27608.9,100.5,99.9,100.5,100.1,100.2,99.9,101.3,100.1,1202.5,103.5,98.5,5055.0,163.0,18.5,,9.7,80.3,5893.0,60.0,2019.7,98.6,103.2,43.65,32.35,71.8,99.1,10045.2,4.0,5.3,100.4,29346.0,112.8,412.3,101.8,101.8,104.7,100.6,98.4,424.2,101.8,101.9,554.9,99.5,103.1
2013-10-31,2013,10,591.9,98.0,100.7,61.0,1167.2,1467.7,27565.8,100.6,101.2,100.5,99.9,100.6,105.0,101.0,100.2,1449.9,120.2,99.8,3838.0,183.0,23.2,,76.0,90.0,5772.0,57.0,2083.1,102.3,103.3,44.06,32.06,71.5,99.8,10055.3,4.1,5.5,102.5,30069.0,112.0,441.6,107.1,106.1,105.9,97.9,95.2,453.8,107.0,106.2,565.5,102.3,102.6
2013-11-30,2013,11,586.1,99.9,101.6,61.5,1181.9,1476.8,27997.5,100.5,101.0,100.4,100.2,100.6,103.1,102.8,100.4,1431.9,99.8,104.7,5167.0,187.0,19.4,,136.0,90.4,5762.0,87.0,2099.5,100.1,104.1,45.19,33.19,71.4,99.6,10046.8,4.1,5.4,101.4,30290.0,110.9,419.3,94.9,100.6,103.4,101.0,97.4,430.6,94.9,100.7,569.1,100.5,100.9
2013-12-31,2013,12,787.4,133.6,98.6,59.7,1156.9,1469.6,27531.6,100.4,100.8,100.2,100.6,100.5,103.6,100.4,100.4,2341.5,162.1,99.8,4682.0,160.0,20.5,,168.0,100.0,5762.0,136.0,2517.2,119.4,103.5,44.97,32.73,70.9,99.1,10038.2,4.2,5.6,130.9,39648.0,109.3,444.5,106.0,102.4,103.3,96.6,101.8,456.1,105.9,102.5,599.8,104.5,100.1
2014-01-31,2014,1,263.3,33.8,93.9,52.4,1118.6,1425.1,26845.4,101.6,100.9,100.3,100.5,100.6,81.2,99.8,99.8,492.2,21.1,92.7,845.0,117.0,3.0,,163.0,102.0,4276.0,22.0,1867.1,73.2,102.8,48.1,35.24,70.4,99.6,10029.7,4.2,5.6,74.7,29535.0,111.6,434.7,97.8,103.2,96.3,93.2,101.1,441.7,96.8,103.3,559.5,89.8,101.8
2014-02-28,2014,2,286.4,105.4,96.0,54.5,1184.9,1499.6,27463.2,102.0,101.1,100.4,100.4,100.7,101.6,102.1,100.9,643.2,129.6,95.5,3107.0,159.0,13.2,,170.0,93.5,4926.0,55.0,1871.3,99.5,104.3,49.35,36.05,71.0,100.0,10634.3,4.2,5.6,99.1,29255.0,111.1,387.0,89.0,100.8,93.3,107.3,99.4,396.3,89.7,101.1,571.9,102.0,100.6
2014-03-31,2014,3,384.5,140.6,96.6,55.3,1273.0,1596.5,28538.4,102.3,101.7,100.7,100.5,101.0,109.7,101.4,101.1,728.4,114.5,95.3,3634.0,172.0,13.8,,218.0,94.3,5344.0,73.0,2054.5,108.6,104.5,49.05,35.69,71.1,100.1,10762.6,4.0,5.4,108.0,31486.0,111.0,422.0,109.0,100.6,104.5,101.1,99.6,430.9,108.7,100.4,591.6,103.1,101.3
2014-04-30,2014,4,402.5,104.2,97.3,56.2,1255.0,1590.8,28606.8,101.2,101.3,100.6,100.7,100.9,97.3,102.4,101.4,770.4,106.6,97.4,3646.0,166.0,17.1,,223.0,84.4,6013.0,106.0,2042.9,98.6,103.0,49.51,35.7,71.0,99.8,10890.9,4.0,5.3,104.7,32947.0,110.8,405.6,96.1,99.6,102.1,100.8,99.3,414.5,96.2,99.4,599.2,100.5,100.3
2014-05-31,2014,5,441.8,107.2,94.0,57.0,1394.6,1797.2,28815.9,101.2,101.5,100.5,100.8,100.9,99.6,102.8,101.7,991.1,127.0,97.3,3238.0,147.0,13.2,,228.0,79.6,5267.0,62.0,2095.0,101.7,102.4,47.27,34.74,71.6,100.0,10884.5,3.7,4.9,98.0,32272.0,109.9,420.6,103.7,101.4,103.5,98.0,97.8,431.0,104.0,101.4,585.4,97.1,100.8
2014-06-30,2014,6,568.7,128.2,99.9,60.1,1348.1,1684.7,30214.7,100.8,100.7,100.4,100.9,100.6,99.9,100.4,101.5,1180.5,119.0,99.3,3879.0,160.0,14.6,,165.0,74.6,5049.0,126.0,2118.8,100.6,101.1,45.83,33.63,71.9,100.7,10878.1,3.7,4.9,104.7,33726.0,110.1,401.2,95.4,103.0,100.9,100.7,97.2,411.8,95.5,102.9,601.9,101.8,101.1
2014-07-31,2014,7,568.7,99.7,97.1,60.2,1381.1,1759.9,29556.8,100.6,99.8,100.4,101.4,100.5,102.2,101.5,101.5,1075.1,90.5,99.1,3580.0,162.0,12.0,,130.0,77.5,4896.0,82.0,2192.2,103.1,101.6,47.9,35.73,72.2,100.5,10871.7,3.7,4.9,96.4,32515.0,109.0,400.0,99.7,100.0,103.5,99.2,96.7,411.8,100.0,100.1,611.9,100.5,100.8
2014-08-31,2014,8,572.7,99.3,98.9,60.2,1383.8,1775.8,29949.2,101.1,99.5,100.5,100.7,100.2,99.8,100.0,101.3,1168.5,107.1,98.4,3630.0,94.3,12.9,,54.5,78.8,3721.0,33.0,2263.8,103.0,101.6,48.63,36.93,72.4,100.0,10884.7,3.7,4.8,94.6,30763.0,106.3,400.4,100.1,98.7,106.3,102.6,98.4,411.4,99.9,98.6,618.6,100.6,101.1
2014-09-30,2014,9,615.2,105.8,98.2,60.3,1377.8,1783.1,30835.4,100.6,101.1,100.6,100.3,100.7,102.7,102.8,101.5,1204.0,103.3,98.1,4154.0,133.0,13.4,,42.4,80.1,4344.0,57.0,2241.3,98.4,101.8,49.95,39.39,71.9,100.2,10897.6,3.7,4.9,103.8,31929.0,109.7,405.7,101.3,98.3,105.3,102.4,100.2,417.9,101.6,98.4,621.5,100.6,102.4
2014-10-31,2014,10,603.2,98.3,98.5,63.5,1441.7,1865.3,31097.6,100.5,101.3,100.6,100.6,100.8,105.1,102.9,101.7,1468.5,121.6,99.2,4381.0,139.0,13.6,,80.4,92.8,4095.0,82.0,2310.9,102.2,101.7,54.64,43.39,72.0,100.6,10910.6,3.9,5.1,101.7,32439.0,108.9,427.6,105.4,96.7,108.0,99.3,101.6,440.3,105.6,96.9,628.6,101.0,101.7
2014-11-30,2014,11,600.5,98.8,97.5,65.6,1435.9,1891.9,31784.8,100.5,102.3,100.6,101.2,101.3,99.8,99.6,101.5,1372.5,92.7,92.2,4182.0,137.0,11.9,,145.0,96.0,3265.0,73.0,2343.6,100.1,101.9,61.41,49.32,71.6,100.3,10899.7,3.9,5.2,100.3,32546.0,107.7,418.6,97.9,99.7,103.6,99.1,99.7,429.4,97.5,99.6,632.0,100.0,101.4
2014-12-31,2014,12,817.7,136.4,99.6,64.2,1451.1,1881.3,33173.6,100.7,103.7,102.3,102.2,102.6,108.1,103.9,101.7,2433.3,173.8,98.9,4932.0,154.0,15.3,,144.0,104.0,3323.0,82.0,2954.8,123.2,105.1,68.34,56.26,71.4,100.7,10888.7,4.0,5.3,129.8,42136.0,106.9,431.9,103.2,97.1,103.6,96.8,99.8,442.9,103.1,97.0,680.2,106.5,102.4
2015-01-31,2015,1,257.7,31.7,93.3,58.0,1500.6,1961.2,32067.9,101.9,106.2,103.2,102.2,103.9,78.8,100.9,100.9,516.9,20.5,96.1,797.0,85.3,2.7,,110.0,103.0,1822.0,5.0,2063.7,67.3,96.4,78.11,68.93,71.8,100.5,10918.8,4.2,5.5,74.0,30929.0,105.3,417.6,96.7,96.1,96.8,93.6,100.5,424.5,95.8,96.1,607.6,88.1,100.6
2015-02-28,2015,2,288.1,108.4,96.0,56.9,1511.0,1995.7,33616.5,101.3,103.6,102.1,100.8,102.2,99.2,98.4,99.6,680.7,129.1,95.7,2404.0,131.0,8.2,,72.7,92.8,2293.0,15.0,2031.9,96.0,93.0,68.69,61.27,71.4,99.1,12045.1,4.4,5.8,101.5,31325.0,108.1,382.5,91.6,98.8,92.7,106.1,99.3,390.6,92.0,98.6,614.3,100.3,98.9
2015-03-31,2015,3,368.8,133.4,91.1,61.0,1497.2,2159.2,34177.1,101.7,101.6,101.4,100.3,101.2,110.7,99.4,99.6,772.1,116.4,97.3,3422.0,138.0,12.1,,115.0,96.0,2587.0,9.0,2206.8,106.8,91.5,63.37,58.46,71.6,99.4,12073.5,4.5,5.9,104.7,32642.0,104.5,425.3,111.2,100.8,103.2,100.7,98.7,433.7,111.0,100.6,641.3,103.7,99.5
2015-04-30,2015,4,391.7,106.0,92.6,66.0,1426.1,2109.7,34095.5,101.2,100.2,100.9,100.0,100.5,93.5,95.5,98.5,812.8,104.1,95.2,3057.0,126.0,12.5,,108.0,86.5,2208.0,21.0,2166.5,97.4,90.4,56.81,51.7,71.6,99.4,12101.9,4.4,5.8,105.4,34377.0,105.2,401.4,94.4,99.0,100.0,100.1,98.0,409.3,94.4,98.8,634.8,98.6,97.5
2015-05-31,2015,5,405.9,101.4,87.6,68.0,1458.5,2229.1,33780.3,100.6,100.0,100.5,100.5,100.4,98.6,94.5,97.7,1004.2,123.2,92.4,3119.0,88.0,11.7,,76.9,80.1,2389.0,41.0,2228.3,102.4,91.1,58.01,52.97,72.7,100.0,12091.9,4.3,5.6,100.1,34380.0,107.2,405.9,101.1,96.5,100.1,96.9,96.7,414.4,101.2,96.1,618.0,96.7,97.0
2015-06-30,2015,6,520.2,127.6,87.2,68.2,1440.5,2174.4,35674.0,100.7,99.4,100.3,101.0,100.2,100.6,95.2,97.3,1203.8,119.6,92.9,3035.0,111.0,10.7,,74.6,75.7,3356.0,63.0,2235.4,100.2,90.8,61.52,55.52,72.4,99.1,12081.9,4.1,5.4,103.0,35395.0,105.4,389.4,95.9,97.1,97.5,100.7,96.6,398.8,96.2,96.9,650.1,103.4,98.5
2015-07-31,2015,7,523.7,100.9,88.2,65.2,1500.4,2301.3,34791.6,100.5,99.6,100.5,103.0,100.8,102.3,95.3,97.0,1078.4,89.2,91.5,3438.0,98.8,10.4,,76.8,78.4,2125.0,35.0,2315.2,103.3,90.9,64.65,58.99,73.1,99.7,12071.9,4.1,5.3,95.8,33901.0,105.0,409.5,105.2,102.4,103.1,102.3,99.6,419.8,105.3,101.9,669.6,99.9,97.9
2015-08-31,2015,8,523.9,98.2,87.2,66.1,1591.8,2421.5,35654.6,100.4,99.2,100.8,101.3,100.4,100.2,95.7,96.8,1209.1,109.0,93.2,3155.0,65.2,8.9,,48.7,79.6,2002.0,10.0,2389.6,103.0,90.9,75.05,66.48,73.3,99.8,12080.6,4.1,5.3,95.0,32176.0,105.3,402.7,98.3,100.6,105.5,108.1,99.3,413.7,98.6,100.6,670.4,99.8,97.1
2015-09-30,2015,9,559.7,105.6,87.0,66.2,1570.5,2377.8,37102.7,100.6,100.4,101.1,100.0,100.6,103.4,96.3,96.8,1272.7,104.4,94.4,3387.0,114.0,12.7,,81.9,80.5,2462.0,54.0,2335.9,97.0,89.6,74.58,66.24,72.9,99.9,12089.4,4.0,5.2,102.3,32911.0,103.7,411.2,102.1,101.3,103.8,106.4,98.6,422.3,102.1,101.0,674.8,100.8,97.5
2015-10-31,2015,10,,104.0,92.1,,,,,100.5,101.1,101.0,99.9,100.7,105.2,96.4,96.7,1547.6,122.0,94.8,3225.0,114.0,13.3,,147.0,92.7,2333.0,54.0,2378.3,100.7,88.3,70.75,64.37,72.5,99.3,12098.1,4.3,5.5,101.0,33240.0,103.0,448.4,109.1,104.9,107.3,100.0,99.4,459.1,108.7,104.3,675.8,100.2,97.1
