time_index,year,qtr,CONSTR_bln_rub_fix,CONSTR_rog,CONSTR_yoy,CPI_ALCOHOL_rog,CPI_FOOD_rog,CPI_NONFOOD_rog,CPI_SERVICES_rog,CPI_rog,IND_PROD_rog,IND_PROD_yoy,I_bln_rub,I_rog,I_yoy,PROD_AUTO_BUS_units,PROD_AUTO_PSGR_th,PROD_AUTO_TRUCKS_th,PROD_BYCYCLES_th,PROD_E_TWh,PROD_RAILWAY_CARGO_WAGONS_units,PROD_RAILWAY_PSGR_WAGONS_units,RETAIL_SALES_bln_rub,RETAIL_SALES_rog,RETAIL_SALES_yoy,SOC_EMPLOYED_mln,SOC_EMPLOYED_yoy,SOC_PENSION_rub,SOC_UNEMPLOYED_bln,SOC_UNEMPLOYMENT_percent,SOC_WAGE_rog,SOC_WAGE_rub,SOC_WAGE_yoy,TRANS_COM_bln_t_km,TRANS_COM_rog,TRANS_COM_yoy,TRANS_RAILLOAD_mln_t,TRANS_RAILLOAD_rog,TRANS_RAILLOAD_yoy,TRANS_bln_t_km,TRANS_rog,TRANS_yoy,USLUGI_bln_rub,USLUGI_rog,USLUGI_yoy
1999-03-31,1999,1,50.9,80.5,92.0,118.2,118.4,114.0,109.5,116.0,,,96.8,,93.8,14486.0,230.0,39.6,92.4,243.0,1051.0,143.0,379.0,88.0,88.1,61.1,102.4,403.1,10.2,14.3,99.4,1248.0,123.0,821.0,99.2,100.9,215.0,102.8,103.8,841.3,,,90.6,90.5,104.2
1999-06-30,1999,2,69.1,130.1,93.8,106.8,106.4,108.6,109.0,107.3,,,131.1,,99.2,12413.0,243.0,43.3,125.0,186.0,1133.0,169.0,416.5,100.8,90.0,62.9,106.2,438.0,9.4,13.0,121.1,1511.0,141.1,831.0,101.2,106.5,234.0,107.6,111.8,852.6,101.3,,102.4,104.5,106.5
1999-09-30,1999,3,91.4,120.5,104.3,106.0,104.3,107.2,107.2,105.6,,,185.6,,105.0,11300.0,243.0,44.3,112.0,177.0,1085.0,194.0,464.6,105.1,90.3,63.9,108.8,455.5,8.9,12.3,108.7,1642.0,151.5,833.0,100.2,109.0,244.0,103.1,119.5,857.9,100.6,,121.0,109.1,110.0
1999-12-31,1999,4,96.4,92.8,117.1,107.1,102.8,104.9,104.7,103.9,,,256.9,,117.4,11822.0,238.0,48.9,95.6,240.0,871.0,210.0,537.3,110.6,103.1,63.6,107.6,499.5,9.1,12.5,117.4,1927.0,154.4,887.0,106.5,107.1,254.0,104.2,118.8,909.6,106.0,,129.7,101.4,104.7
2000-03-31,2000,1,78.8,76.3,111.1,114.3,101.4,105.0,108.0,104.1,,,165.8,,113.5,12191.0,239.0,45.2,144.0,252.0,1075.0,182.0,517.7,92.4,108.2,63.6,104.1,582.6,8.8,12.1,98.6,1899.0,157.1,886.0,99.9,107.9,253.0,100.8,117.8,907.8,99.8,107.9,122.9,86.9,104.4
2000-06-30,2000,2,113.6,136.1,116.2,103.4,106.1,103.5,106.6,105.3,,,236.0,,119.6,13713.0,238.0,46.4,191.0,191.0,1241.0,193.0,542.8,101.3,108.7,65.6,104.3,667.1,7.7,10.4,113.1,2148.0,146.2,867.0,97.8,104.3,263.0,103.7,112.3,889.4,98.0,104.3,138.3,107.1,105.1
2000-09-30,2000,3,151.7,117.6,113.4,103.3,102.6,104.3,109.8,104.1,,,330.2,,119.7,14173.0,255.0,47.0,135.0,184.0,796.0,190.0,598.4,105.8,109.4,65.8,103.0,729.7,7.2,9.9,108.8,2336.0,148.0,868.0,100.1,104.2,259.0,97.6,106.3,895.8,100.7,104.4,162.9,109.1,105.2
2000-12-31,2000,4,159.7,92.5,112.9,102.3,106.1,104.6,105.7,105.4,,,433.2,,116.1,13924.0,237.0,45.9,169.0,251.0,917.0,237.0,693.4,110.5,109.4,65.2,102.5,797.9,7.1,9.8,113.5,2652.0,141.1,921.0,106.1,103.8,272.0,104.7,106.7,945.3,105.5,103.9,178.7,102.8,104.1
2001-03-31,2001,1,116.9,72.6,107.4,103.3,107.9,104.0,112.9,107.1,,,230.3,,107.0,11419.0,246.0,40.6,148.0,256.0,926.0,191.0,665.2,91.1,107.9,64.3,101.6,880.3,7.0,9.8,104.8,2781.0,146.6,893.0,96.9,100.8,254.0,95.6,100.2,914.9,96.8,100.8,168.7,85.9,103.2
2001-06-30,2001,2,160.9,135.0,106.6,102.5,106.8,102.4,107.3,105.3,,,318.8,,109.5,12232.0,251.0,39.4,170.0,195.0,1407.0,206.0,729.6,105.0,111.9,65.3,100.5,984.1,6.2,8.7,110.8,3082.0,144.6,904.0,101.3,104.3,265.0,103.3,100.9,927.8,101.4,104.3,194.2,107.5,103.7
2001-09-30,2001,3,210.9,122.6,111.1,103.0,97.9,102.5,107.9,101.1,,,421.1,,109.9,16176.0,260.0,43.1,121.0,186.0,1737.0,245.0,783.3,105.7,111.7,65.8,100.7,1093.6,6.2,8.5,110.1,3393.0,147.9,902.0,99.8,103.9,268.0,100.3,103.7,932.3,100.5,104.1,219.3,106.9,101.9
2001-12-31,2001,4,215.1,95.1,114.3,103.2,104.5,103.3,104.8,104.1,,,534.5,,111.9,16679.0,265.0,49.5,74.5,254.0,2448.0,217.0,891.9,110.8,111.9,65.3,100.5,1136.2,6.2,8.7,114.1,3872.0,146.5,952.0,105.5,103.4,270.0,100.4,99.5,978.6,105.0,103.5,229.5,99.9,98.7
2002-03-31,2002,1,136.3,65.3,102.7,103.3,104.3,102.7,114.5,105.4,94.0,103.1,270.1,,101.3,17021.0,249.0,38.7,126.0,247.0,2122.0,147.0,828.0,89.2,109.6,65.8,102.2,1297.7,6.0,8.4,99.1,3836.0,138.0,937.0,98.5,105.0,248.0,93.9,97.7,961.1,98.2,105.1,232.1,91.3,104.5
2002-06-30,2002,2,188.8,135.6,103.2,101.9,103.2,103.1,105.1,103.4,97.7,101.8,376.4,,103.5,14624.0,262.0,41.8,162.0,196.0,2206.0,233.0,884.2,103.4,108.0,66.8,102.0,1334.4,5.6,7.7,111.0,4257.0,138.1,951.0,101.5,105.2,270.0,107.7,101.8,976.2,101.6,105.2,259.0,106.1,103.7
2002-09-30,2002,3,251.2,121.9,102.6,101.6,98.2,102.1,107.3,101.2,104.7,105.1,494.5,,102.7,16982.0,275.0,44.4,128.0,190.0,2958.0,250.0,963.5,107.5,109.9,67.7,102.9,1420.2,5.5,7.4,106.8,4547.0,134.5,965.0,101.5,107.0,282.0,103.3,104.9,997.2,102.2,107.0,288.3,106.3,103.4
2002-12-31,2002,4,254.7,95.5,103.0,101.8,105.3,102.5,105.5,104.3,106.8,102.7,621.4,,103.1,18065.0,195.0,47.7,92.5,258.0,3454.0,237.0,1089.7,110.6,109.6,66.4,101.6,1461.7,6.3,8.6,110.4,5018.0,129.9,1015.0,105.1,106.6,284.0,100.7,105.2,1041.7,104.5,106.4,308.6,100.3,103.2
2003-03-31,2003,1,172.7,71.0,112.1,104.0,104.9,102.8,110.6,105.2,98.6,107.7,330.0,,110.1,17363.0,201.0,42.3,143.0,261.0,5290.0,230.0,1013.9,89.4,109.9,65.1,99.1,1488.8,6.4,9.0,95.7,4800.0,125.8,1009.0,99.4,107.6,269.0,96.9,108.6,1032.9,99.2,107.5,312.7,94.8,106.8
2003-06-30,2003,2,239.6,136.9,113.2,101.7,102.6,101.8,104.5,102.6,100.5,109.9,470.6,,113.1,17883.0,259.0,47.3,152.0,204.0,6258.0,242.0,1071.9,103.3,109.8,66.2,99.3,1608.6,5.8,8.2,110.3,5296.0,124.8,1024.0,101.5,107.7,291.0,106.8,107.8,1049.6,101.6,107.5,344.2,105.3,106.6
2003-09-30,2003,3,313.0,121.9,113.1,101.6,98.4,101.9,103.6,100.6,102.8,107.6,607.5,,111.8,19892.0,284.0,51.4,73.8,196.0,6904.0,261.0,1142.5,105.2,107.5,67.1,992.0,1701.4,5.7,7.8,104.8,5549.0,123.0,1039.0,101.5,107.7,298.0,101.5,105.9,1072.1,102.1,107.5,377.8,104.5,105.2
2003-12-31,2003,4,317.4,95.2,112.8,102.4,104.1,102.4,102.1,103.1,108.8,110.2,778.3,,113.7,21090.0,267.0,51.9,46.6,255.0,8521.0,292.0,1301.4,111.1,108.1,66.9,100.9,1749.0,5.8,7.9,115.3,6401.0,128.1,1099.0,105.7,108.3,302.0,101.3,106.4,1127.8,105.2,108.3,396.0,102.5,107.1
2004-03-31,2004,1,217.9,71.6,113.8,103.5,103.9,101.4,106.4,103.5,96.6,108.6,442.2,55.5,118.4,16933.0,258.0,49.2,101.0,262.0,8886.0,257.0,1237.3,92.4,111.7,66.2,101.6,1763.7,6.3,8.8,96.4,6173.0,127.3,1086.0,98.8,107.6,289.0,96.7,107.5,1111.2,98.5,107.6,393.4,95.3,107.3
2004-06-30,2004,2,307.0,137.8,114.5,101.9,102.1,102.0,104.3,102.5,100.2,108.3,626.3,137.2,116.9,19246.0,278.0,51.3,128.0,209.0,8531.0,301.0,1322.2,104.5,112.9,67.8,102.5,1889.1,5.4,7.3,107.7,6650.0,125.0,1099.0,101.2,107.3,304.0,105.2,104.5,1126.2,101.3,107.3,430.2,105.3,107.6
2004-09-30,2004,3,384.1,113.6,106.8,101.3,101.1,102.0,103.0,101.8,102.9,108.3,783.3,120.6,111.8,21651.0,303.0,54.5,66.0,200.0,8722.0,306.0,1430.5,106.0,113.6,68.2,101.5,1978.9,5.2,7.0,104.2,6930.0,123.7,1108.0,100.8,106.6,312.0,101.6,104.7,1141.7,101.4,106.5,473.5,107.0,110.8
2004-12-31,2004,4,404.6,96.1,107.8,101.8,105.3,101.8,103.0,103.4,107.3,106.8,1013.2,124.0,111.2,17894.0,271.0,45.2,48.8,261.0,9201.0,347.0,1652.5,112.3,114.9,67.2,100.4,2026.3,5.7,7.8,109.4,7582.0,117.5,1148.0,103.6,104.5,315.0,100.9,104.3,1179.0,103.3,104.5,492.7,100.0,107.8
2005-03-31,2005,1,280.0,71.5,107.6,102.6,105.4,101.1,112.6,105.3,94.8,104.9,540.5,51.9,106.3,15442.0,244.0,41.6,47.9,267.0,8921.0,254.0,1511.2,89.0,110.5,67.1,101.4,2125.4,5.7,7.8,100.7,7638.0,122.6,1113.0,97.0,102.5,299.0,104.6,103.4,1140.8,96.8,102.7,481.6,90.4,103.1
2005-06-30,2005,2,398.9,139.5,109.0,101.7,103.9,101.3,102.6,102.6,100.1,104.8,776.3,139.9,108.4,19386.0,257.0,51.6,88.0,212.0,8814.0,255.0,1674.9,107.5,113.8,68.4,100.8,2324.2,5.1,7.0,107.9,8234.0,122.4,1130.0,101.5,102.8,317.0,104.6,104.1,1160.5,101.7,103.0,554.6,112.1,109.2
2005-09-30,2005,3,521.3,119.3,114.4,101.5,98.0,102.1,102.6,100.6,103.5,105.4,993.6,123.9,111.4,18531.0,282.0,57.7,53.7,207.0,7190.0,343.0,1796.8,105.4,113.3,69.0,101.2,2466.6,5.1,6.8,105.3,8674.0,123.9,1125.0,99.6,101.6,325.0,101.7,104.2,1161.5,100.1,101.7,599.7,105.2,107.7
2005-12-31,2005,4,554.2,99.2,118.0,101.6,102.5,101.8,102.2,102.1,107.3,105.4,1300.7,127.2,114.3,24876.0,285.0,54.1,46.4,267.0,10235.0,369.0,2058.6,112.4,113.5,68.8,102.4,2539.9,5.2,7.0,111.3,9651.0,126.2,1182.0,105.1,102.8,332.0,102.2,105.3,1212.6,104.3,102.8,628.8,101.9,109.2
2006-03-31,2006,1,330.2,62.8,103.6,102.2,107.1,101.3,108.0,105.0,93.6,104.1,658.4,49.6,108.8,19263.0,256.0,50.0,169.0,281.0,7708.0,339.0,1857.2,87.5,111.4,68.3,101.8,2538.9,5.6,7.6,97.4,9397.0,122.3,1135.0,96.0,102.0,304.0,93.5,101.2,1163.4,95.9,101.9,600.0,89.2,107.3
2006-06-30,2006,2,520.2,154.8,115.0,101.8,100.6,101.0,101.9,101.1,102.5,106.6,1017.6,151.4,117.7,21683.0,297.0,61.7,340.0,223.0,8940.0,370.0,2068.1,109.6,113.6,69.0,101.0,2726.9,5.5,7.3,110.7,10401.0,125.1,1163.0,102.5,102.9,330.0,107.6,104.3,1193.6,102.6,102.8,689.4,112.2,107.7
2006-09-30,2006,3,695.6,121.9,117.5,103.2,99.0,101.9,101.8,101.0,104.1,107.2,1287.3,122.1,116.1,24453.0,305.0,65.1,285.0,218.0,6758.0,413.0,2237.3,107.0,115.3,70.0,101.4,2799.5,4.9,6.6,105.5,10949.0,125.1,1175.0,101.1,104.4,337.0,101.0,103.7,1209.4,101.3,104.1,739.9,105.2,107.9
2006-12-31,2006,4,804.8,106.8,126.5,102.6,101.7,101.6,101.6,101.7,107.3,107.1,1766.7,131.8,120.3,23256.0,320.0,68.5,254.0,274.0,10250.0,435.0,2549.3,112.5,115.3,69.5,101.0,2838.9,5.0,6.7,111.5,12203.0,125.2,1202.0,102.3,101.7,340.0,100.7,102.4,1233.3,102.1,101.8,769.1,102.4,108.4
2007-03-31,2007,1,447.8,58.2,117.2,102.0,102.7,101.1,108.0,103.4,94.2,107.8,897.6,49.4,120.3,19059.0,290.0,64.5,338.0,276.0,8936.0,395.0,2257.8,87.0,114.8,69.7,102.1,2846.3,5.2,6.9,97.3,11876.0,127.3,1173.0,97.5,103.4,323.0,99.8,106.3,1201.0,97.4,103.2,740.4,89.7,108.7
2007-06-30,2007,2,741.5,160.6,121.6,101.5,103.9,101.1,101.6,102.2,101.8,107.1,1414.4,152.6,121.3,20295.0,319.0,68.9,544.0,230.0,9384.0,456.0,2542.6,110.6,115.8,71.0,102.9,3090.6,4.5,5.9,109.3,12993.0,125.9,1194.0,101.9,102.7,336.0,102.8,101.5,1225.1,102.0,102.6,842.5,110.5,107.0
2007-09-30,2007,3,957.4,116.0,115.7,101.8,101.9,101.8,101.6,101.8,103.8,106.8,1744.1,117.7,116.9,21954.0,330.0,71.7,240.0,224.0,9417.0,463.0,2799.2,107.9,116.8,71.5,102.2,3107.6,4.2,5.5,103.9,13494.0,124.0,1181.0,98.9,100.5,338.0,99.7,100.2,1216.3,99.3,100.6,893.4,104.2,106.1
2007-12-31,2007,4,1146.6,109.3,118.5,102.3,107.8,102.5,101.6,104.1,106.1,105.6,2660.1,144.9,128.5,27554.0,356.0,79.9,391.0,285.0,10838.0,509.0,3269.4,112.5,116.8,70.8,101.8,3417.7,4.3,5.7,116.7,15742.0,129.3,1240.0,105.0,103.2,348.0,102.8,102.3,1272.8,104.6,103.2,930.7,103.1,106.9
2008-03-31,2008,1,705.4,63.3,128.9,103.0,106.2,102.0,107.5,104.8,94.6,106.0,1314.6,47.4,123.4,17145.0,331.0,66.3,414.0,291.0,9907.0,480.0,2957.8,87.5,117.4,70.1,100.6,3823.1,5.0,6.6,97.7,15424.0,128.0,1234.0,99.5,105.3,340.0,98.8,105.3,1262.2,99.2,105.1,900.2,90.3,107.4
2008-06-30,2008,2,1083.3,147.2,118.2,102.9,105.9,102.4,103.1,103.8,100.2,104.3,1991.5,145.4,117.6,19048.0,392.0,77.1,556.0,238.0,11255.0,510.0,3331.7,108.4,115.1,71.6,100.9,4044.0,4.2,5.5,110.0,16962.0,129.2,1230.0,99.7,103.0,338.0,99.4,100.7,1261.1,99.9,102.9,1006.7,108.3,105.4
2008-09-30,2008,3,1304.6,107.5,109.5,101.9,100.4,101.9,102.9,101.7,101.4,101.9,2369.0,112.4,112.3,16331.0,404.0,74.0,338.0,236.0,12021.0,565.0,3664.1,108.0,115.2,71.8,100.4,4382.6,4.4,5.8,103.6,17556.0,129.0,1196.0,97.2,101.3,337.0,98.8,99.7,1233.3,97.8,101.4,1080.8,103.9,105.1
2008-12-31,2008,4,1434.8,103.7,103.8,102.7,104.1,101.4,101.6,102.5,94.6,90.9,3106.5,127.4,98.7,13953.0,343.0,38.6,127.0,276.0,9498.0,588.0,3990.6,106.3,108.8,70.4,99.4,4544.8,5.3,7.0,108.0,18966.0,119.5,1160.0,97.0,93.5,289.0,85.7,83.1,1191.9,96.6,93.6,1092.1,99.5,101.8
2009-03-31,2009,1,661.7,50.8,83.4,103.9,105.2,103.8,108.5,105.4,86.7,83.3,1224.3,39.4,82.0,5309.0,123.0,16.3,97.0,274.0,4588.0,372.0,3330.6,80.8,100.4,68.5,97.8,4613.5,6.7,8.9,92.0,17441.0,112.8,1023.0,88.2,82.9,248.0,87.6,72.9,1045.1,87.7,82.8,1031.6,87.8,99.1
2009-06-30,2009,2,949.2,147.3,83.4,102.7,101.7,102.4,101.0,101.9,102.7,85.4,1722.1,140.3,79.1,7887.0,166.0,23.2,183.0,221.0,4091.0,334.0,3513.2,102.3,94.8,69.5,97.1,5151.3,6.4,8.4,105.6,18419.0,108.0,1013.0,99.0,82.3,273.0,109.2,80.9,1036.7,99.2,82.2,1095.1,104.4,95.3
2009-09-30,2009,3,1105.5,110.2,85.5,100.9,98.5,101.9,101.3,100.6,104.6,88.1,2061.0,116.9,82.3,9175.0,137.0,22.4,83.2,218.0,5648.0,345.0,3688.1,103.8,91.1,70.4,98.0,5330.1,5.9,7.8,101.4,18673.0,105.7,1120.0,110.6,93.7,296.0,107.1,87.7,1147.9,110.7,93.1,1131.8,101.9,93.6
2009-12-31,2009,4,1281.9,111.8,92.3,101.2,100.1,101.2,100.6,100.7,108.5,101.0,2968.6,140.5,90.7,13112.0,171.0,29.5,25.2,279.0,9257.0,333.0,4067.3,109.9,94.3,69.5,98.8,5669.5,6.0,7.9,110.7,20670.0,108.4,1187.0,106.0,102.4,291.0,98.5,100.9,1216.6,106.0,102.1,1161.5,102.2,95.6
2010-03-31,2010,1,646.9,53.6,97.3,103.7,103.8,100.9,105.4,103.2,93.1,108.4,1242.9,41.3,95.2,5830.0,190.0,,237.0,290.0,10011.0,247.0,3634.0,87.7,102.4,68.2,99.5,7125.8,6.5,8.7,93.9,19485.0,110.5,1145.0,96.4,111.9,279.0,97.9,112.8,1166.7,95.9,111.6,1122.9,91.9,99.9
2010-06-30,2010,2,1055.8,161.3,106.6,102.0,101.5,101.0,101.0,101.2,101.9,107.6,1962.5,155.6,105.6,9853.0,297.0,,449.0,232.0,12241.0,387.0,3943.6,107.0,107.0,70.1,100.9,7579.8,5.5,7.3,106.8,20809.0,112.4,1145.0,100.1,113.1,305.0,108.2,111.8,1171.1,100.4,113.0,1204.2,105.7,101.6
2010-09-30,2010,3,1288.4,112.2,108.5,101.1,103.2,101.2,100.9,101.8,102.9,105.9,2361.5,116.6,105.3,12007.0,337.0,,236.0,230.0,12508.0,296.0,4215.9,105.3,108.6,71.2,101.2,7596.0,5.1,6.7,101.1,21031.0,111.6,1139.0,99.5,101.7,310.0,100.5,104.9,1167.7,99.7,101.7,1237.2,101.5,101.5
2010-12-31,2010,4,1463.0,107.3,104.1,101.3,104.7,101.8,100.7,102.4,109.9,107.2,3585.2,148.2,111.1,13254.0,386.0,,247.0,287.0,15612.0,304.0,4718.5,108.9,107.6,70.3,101.1,7603.5,5.1,6.7,111.7,23491.0,112.7,1216.0,106.7,102.4,311.0,100.1,106.6,1246.2,106.7,102.4,1286.7,103.7,102.6
2011-03-31,2011,1,733.6,52.8,102.6,102.7,105.2,101.7,105.2,103.8,91.1,105.0,1422.0,38.7,103.9,7293.0,378.0,,376.0,292.0,14839.0,264.0,4184.8,85.6,105.0,69.5,102.0,8010.6,5.5,7.4,91.3,21354.0,111.2,1189.0,97.8,103.8,295.0,96.9,105.5,1212.0,97.3,103.9,1250.3,92.3,102.9
2011-06-30,2011,2,1159.1,157.2,99.9,102.0,99.8,101.7,101.9,101.1,102.9,106.1,2306.0,161.0,107.8,9767.0,435.0,,416.0,237.0,16313.0,335.0,4573.2,107.7,105.8,70.9,101.0,8253.8,4.8,6.4,108.2,23154.0,112.5,1205.0,101.4,105.2,313.0,105.1,102.5,1232.0,101.6,105.2,1356.6,106.5,103.8
2011-09-30,2011,3,1496.2,118.5,105.6,101.5,96.6,101.5,100.9,99.7,102.2,105.3,2854.1,120.6,111.3,12131.0,446.0,,266.0,235.0,16433.0,251.0,4900.5,107.5,107.9,72.0,101.1,8263.3,4.7,6.1,100.9,23352.0,112.2,1164.0,96.6,102.2,314.0,99.2,101.1,1195.8,97.1,102.4,1378.1,99.8,102.4
2011-12-31,2011,4,1751.4,110.9,109.1,102.0,101.7,101.6,100.5,101.4,108.2,103.8,4453.6,153.0,114.8,15053.0,481.0,,74.9,288.0,15271.0,355.0,5445.8,110.0,109.0,71.1,101.2,8283.8,4.6,6.1,115.2,26905.0,115.7,1242.0,106.7,102.1,320.0,101.9,102.9,1274.7,106.6,102.3,1439.8,104.4,102.8
2012-03-31,2012,1,843.7,50.9,105.3,103.0,102.2,101.2,100.6,101.5,91.7,104.5,1730.1,38.3,113.9,11080.0,451.0,,549.0,301.0,16418.0,194.0,4689.7,84.7,107.9,70.1,100.8,8687.8,4.7,6.3,90.7,24407.0,114.6,1245.0,100.3,104.8,306.0,96.9,104.0,1270.7,99.7,104.8,1364.4,94.2,104.9
2012-06-30,2012,2,1330.7,157.4,105.4,102.0,102.5,101.0,101.7,101.7,100.8,102.4,2730.5,156.3,110.6,14565.0,509.0,,494.0,238.0,18274.0,233.0,5112.2,107.2,107.4,71.9,101.5,9150.0,4.1,5.3,108.8,26547.0,115.5,1213.0,97.4,100.7,322.0,105.2,102.9,1241.8,97.7,100.8,1461.3,105.4,103.5
2012-09-30,2012,3,1660.2,114.9,102.1,104.4,100.1,101.4,104.3,101.9,103.3,103.4,3225.0,115.1,105.5,14645.0,476.0,,292.0,235.0,19470.0,188.0,5492.4,105.6,105.6,72.5,100.8,9155.4,3.9,5.1,98.5,26127.0,112.7,1210.0,99.8,104.0,324.0,99.6,103.3,1243.2,100.1,104.0,1503.9,99.2,102.7
2012-12-31,2012,4,1879.5,108.0,99.5,102.2,101.8,101.4,100.5,101.4,108.0,103.2,4900.5,149.7,103.2,17671.0,528.0,,339.0,290.0,17535.0,265.0,6100.2,109.3,104.9,71.6,100.8,9168.8,3.9,5.1,115.7,30233.0,113.1,1266.0,104.6,102.0,319.0,98.3,99.7,1299.7,104.5,102.0,1596.6,105.5,103.8
2013-03-31,2013,1,939.6,53.6,104.6,108.6,102.1,101.3,101.2,101.9,87.8,98.8,1905.4,38.1,102.5,10512.0,463.0,,660.0,295.0,12519.0,158.0,5241.3,84.0,104.0,70.9,101.2,9574.6,4.4,5.8,90.4,27339.0,111.9,1225.0,96.7,98.3,294.0,94.2,95.9,1248.5,96.1,98.3,1515.8,93.6,103.1
2013-06-30,2013,2,1395.3,148.6,98.8,102.5,102.1,100.8,101.9,101.6,102.8,100.8,2918.7,152.8,100.2,14392.0,466.0,,774.0,241.0,14657.0,188.0,5692.8,107.1,103.8,71.4,99.2,10013.8,4.1,5.4,110.6,30245.0,113.8,1211.0,98.9,99.9,312.0,104.9,96.7,1242.4,99.5,100.0,1592.2,103.3,101.1
2013-09-30,2013,3,1719.2,114.8,98.7,101.5,98.8,101.2,104.1,101.2,103.1,100.6,3402.9,114.4,99.7,14646.0,465.0,,200.0,234.0,15649.0,134.0,6052.0,105.8,104.0,72.0,99.2,10035.0,4.0,5.2,97.8,29578.0,113.2,1217.0,100.5,100.6,319.0,101.2,98.3,1252.2,100.8,100.7,1669.9,101.1,103.2
2013-12-31,2013,4,1965.4,109.6,100.1,101.5,103.1,101.1,100.7,101.7,108.8,101.4,5223.3,151.9,101.1,13687.0,530.0,,380.0,280.0,17296.0,280.0,6699.8,108.9,103.6,71.3,99.5,10046.8,4.1,5.5,113.2,33269.0,110.6,1305.0,107.2,103.0,313.0,98.1,98.0,1340.5,107.0,103.1,1734.4,103.9,101.2
2014-03-31,2014,1,913.8,50.1,93.6,106.0,103.7,101.4,101.4,102.3,87.6,101.1,1863.8,35.7,94.7,7586.0,448.0,,551.0,290.0,14546.0,150.0,5792.9,84.2,103.9,70.8,99.9,10475.5,4.1,5.5,90.3,30057.0,111.1,1244.0,95.3,101.6,294.0,94.2,100.0,1268.9,94.6,101.6,1723.0,95.0,101.2
2014-06-30,2014,2,1375.4,150.5,94.8,103.3,103.5,101.5,102.4,102.4,103.6,101.8,2942.0,158.2,98.1,10763.0,473.0,,616.0,239.0,16329.0,294.0,6256.7,105.3,102.1,71.5,100.1,10884.5,3.8,5.0,109.7,32963.0,110.2,1227.0,98.7,101.3,307.0,96.9,98.1,1257.3,99.1,101.2,1786.5,101.9,100.7
2014-09-30,2014,3,1707.4,115.6,95.4,102.3,100.4,101.4,102.4,101.4,102.7,101.5,3447.6,114.9,98.5,11364.0,389.0,,227.0,236.0,12961.0,172.0,6697.3,105.6,101.6,72.2,100.2,10884.7,3.7,4.9,96.3,31730.0,108.3,1206.0,98.3,99.0,315.0,101.5,98.4,1241.2,98.7,99.0,1852.0,101.3,101.4
2014-12-31,2014,4,1985.1,111.3,97.0,101.6,107.4,103.6,104.0,104.8,109.6,102.1,5274.3,149.9,97.2,13495.0,430.0,,369.0,294.0,10683.0,237.0,7609.3,110.0,103.1,71.7,100.5,10899.7,3.9,5.2,112.5,35685.0,107.7,1278.0,106.0,97.8,315.0,100.0,100.4,1312.6,105.8,97.8,1940.8,103.8,101.9
2015-03-31,2015,1,914.6,49.2,95.3,105.0,111.8,106.8,103.3,107.4,85.4,99.6,1969.7,35.5,96.4,6623.0,354.0,,298.0,292.0,6702.0,29.0,6302.4,76.6,93.6,71.6,99.7,11679.1,4.4,5.7,88.9,31566.0,105.7,1225.0,96.0,98.5,293.0,94.2,99.5,1248.7,95.2,98.4,1863.2,93.3,99.7
2015-06-30,2015,2,1317.8,144.2,91.4,102.5,99.6,101.8,101.5,101.0,98.9,95.1,3020.8,152.8,93.3,9211.0,325.0,,260.0,242.0,7953.0,125.0,6630.2,102.1,90.9,72.2,99.5,12091.9,4.3,5.6,110.0,34703.0,105.9,1197.0,97.7,97.5,298.0,100.6,97.1,1222.6,97.9,97.2,1902.9,100.3,98.1
2015-09-30,2015,3,1607.3,113.9,90.0,101.5,99.2,102.3,104.3,101.7,103.5,95.8,3560.2,114.5,93.2,9972.0,278.0,,189.0,238.0,6589.0,99.0,7040.7,105.2,90.5,73.1,99.8,12088.9,4.1,5.3,95.3,33064.0,104.9,1222.0,102.1,101.3,312.0,103.8,99.1,1254.6,102.6,101.1,2007.8,100.3,97.1
