PROD	yoy	2002	103,1	103,1	101,8	105,1	102,7	103,7	102,9	102,6	103,7	99,5	102,1	105,6	105,3	104,3	103,2	100,7	104,0
PROD	yoy	2003	108,9	107,7	109,9	107,6	110,2	105,4	108,3	109,5	110,2	110,4	109,1	108,0	105,7	109,1	107,9	109,0	113,6
PROD	yoy	2004	108,0	108,6	108,3	108,3	106,8	107,6	110,7	107,5	106,7	107,7	110,4	107,4	110,7	106,9	104,6	109,1	106,9
PROD	yoy	2005	105,1	104,9	104,8	105,4	105,4	103,2	106,2	105,2	104,9	103,2	106,3	105,0	104,9	106,3	105,7	106,3	104,3
PROD	yoy	2006	106,3	104,1	106,6	107,2	107,1	104,8	101,3	106,0	104,2	110,9	104,9	106,5	108,2	106,8	108,6	107,3	105,6
PROD	yoy	2007	106,8	107,8	107,1	106,8	105,6	109,7	107,1	106,8	106,9	106,9	107,3	109,1	106,4	104,8	105,7	106,1	105,0
PROD	yoy	2008	100,6	106,0	104,3	101,9	90,9	106,7	108,1	103,5	105,7	104,5	102,8	101,9	101,0	102,8	98,4	87,5	87,2
PROD	yoy	2009	89,3	83,3	85,4	88,1	101,0	81,7	82,5	85,7	85,0	84,3	87,0	88,0	86,9	89,3	92,6	103,6	107,5
PROD	yoy	2010	107,3	108,4	107,6	105,9	107,2	108,5	107,3	109,3	107,4	108,1	107,3	104,6	106,9	106,2	107,2	107,4	107,2
PROD	yoy	2011	105,0	105,0	106,1	105,3	103,8	106,2	105,3	103,7	105,5	106,2	106,5	105,5	106,0	104,6	103,3	103,9	104,1
PROD	yoy	2012	103,4	104,5	102,4	103,4	103,2	103,6	106,8	103,2	102,3	103,3	101,5	103,6	104,4	102,3	103,5	103,3	102,8
PROD	yoy	2013	100,4	98,8	100,8	100,6	101,4	99,6	96,9	99,9	101,1	99,5	101,7	100,8	99,8	101,3	101,0	102,8	100,4
PROD	yoy	2014	101,7	101,1	101,8	101,5	102,1	99,8	102,1	101,4	102,4	102,8	100,4	101,5	100,0	102,8	102,9	99,6	103,9
PROD	yoy	2015		99,6	95,1			100,9	98,4	99,4	95,5	94,5	95,2						
PROD	rog	2002		94,0	97,7	104,7	106,8	92,7	95,8	108,8	96,2	95,5	101,5	104,7	101,1	99,6	107,0	96,7	105,9
PROD	rog	2003		98,6	100,5	102,8	108,8	93,4	98,8	110,7	97,2	95,3	100,7	103,7	99,1	102,8	105,6	97,3	110,2
PROD	rog	2004		96,6	100,2	102,9	107,3	88,2	101,6	107,6	96,5	96,2	103,2	100,9	102,1	99,3	103,2	101,5	107,9
PROD	rog	2005		94,8	100,1	103,5	107,3	85,2	104,6	106,6	96,2	94,6	106,2	99,7	102,1	100,6	102,7	102,1	105,9
PROD	rog	2006		93,6	102,5	104,1	107,3	85,6	101,1	111,5	94,6	100,7	100,5	101,3	103,6	99,4	104,4	100,9	104,2
PROD	rog	2007		94,2	101,8	103,8	106,1	88,9	98,8	111,1	94,7	100,7	100,9	103,0	101,0	97,9	105,2	101,3	103,1
PROD	rog	2008		94,6	100,2	101,4	94,6	90,4	100,1	106,4	96,7	99,5	99,2	102,1	100,1	99,7	100,7	90,1	102,7
PROD	rog	2009		86,7	102,7	104,6	108,5	84,7	101,0	110,5	95,9	98,7	102,4	103,3	98,9	102,4	104,3	100,8	106,6
PROD	rog	2010		93,1	101,9	102,9	109,9	85,4	100,0	112,6	94,2	99,3	101,6	100,7	101,1	101,7	105,3	101,0	106,4
PROD	rog	2011		91,1	102,9	102,2	108,2	84,7	99,1	110,8	95,9	100,0	101,9	99,9	101,5	100,4	104,1	101,6	106,6
PROD	rog	2012		91,7	100,8	103,3	108,0	84,2	102,2	107,1	95,1	100,9	100,1	101,9	102,3	98,4	105,3	101,3	106,1
PROD	rog	2013		87,8	102,8	103,1	108,8	81,6	99,4	110,4	96,3	99,3	102,3	101,0	101,3	99,9	105,0	103,1	103,6
PROD	rog	2014		87,6	103,6	102,7	109,6	81,2	101,6	109,7	97,3	99,6	99,9	102,2	99,8	102,7	105,1	99,8	108,1
PROD	rog	2015		85,4	98,9			78,8	99,2	110,7	93,5	98,6	100,6						
PROD	rytd	2002						103,7	103,3	103,1	103,2	102,5	102,4	102,9	103,2	103,3	103,3	103,0	103,1
PROD	rytd	2003						105,4	106,8	107,7	108,3	108,7	108,8	108,7	108,3	108,4	108,3	108,4	108,9
PROD	rytd	2004						107,6	109,1	108,6	108,1	108,0	108,4	108,3	108,6	108,4	108,0	108,1	108,0
PROD	rytd	2005						103,2	104,7	104,9	104,9	104,5	104,8	104,9	104,9	105,0	105,1	105,2	105,1
PROD	rytd	2006						104,8	103,0	104,1	104,1	105,4	105,3	105,5	105,8	106,0	106,2	106,3	106,3
PROD	rytd	2007						109,7	108,4	107,8	107,6	107,5	107,4	107,7	107,5	107,2	107,0	106,9	106,8
PROD	rytd	2008						106,7	107,4	106,0	105,9	105,6	105,2	104,7	104,2	104,1	103,5	101,9	100,6
PROD	rytd	2009						81,7	82,1	83,3	83,7	83,9	84,4	84,9	85,2	85,6	86,3	87,8	89,3
PROD	rytd	2010						108,5	107,9	108,4	108,2	108,1	108,0	107,5	107,4	107,3	107,3	107,3	107,3
PROD	rytd	2011						106,2	105,8	105,0	105,1	105,4	105,5	105,5	105,6	105,5	105,2	105,1	105,0
PROD	rytd	2012						103,6	105,2	104,5	103,9	103,8	103,4	103,4	103,5	103,4	103,4	103,4	103,4
PROD	rytd	2013						99,6	98,2	98,8	99,4	99,4	99,8	99,9	99,9	100,1	100,2	100,4	100,4
PROD	rytd	2014						99,8	100,9	101,1	101,4	101,7	101,5	101,5	101,3	101,5	101,7	101,5	101,7
PROD	rytd	2015						100,9	99,6	99,6	98,5	97,7	97,3						
PROD_TRANS	rog	2002	81,4	101,1	102,6	107,5	94,2	105,2	102,5	102,5	105,8	95,6	89,1	103,3
PROD_TRANS	rog	2003	85,0	107,8	120,7	107,6	91,0	110,8	105,7	95,1	104,3	103,8	90,7	114,7
PROD_TRANS	rog	2004	73,0	109,3	108,4	113,1	82,5	118,1	107,0	88,6	106,0	100,2	100,4	103,2
PROD_TRANS	rog	2005	68,4	120,3	123,6	92,0	93,6	113,1	103,4	96,5	103,6	105,0	100,7	114,7
PROD_TRANS	rog	2006	53,6	141,7	103,2	99,4	102,7	108,9	88,6	109,5	99,8	103,1	110,0	113,1
PROD_TRANS	rog	2007	65,3	111,2	109,6	101,8	101,5	98,1	96,1	100,5	104,4	100,6	123,8	104,4
PROD_TRANS	rog	2008	57,1	123,7	112,2	101,4	98,1	105,7	98,2	97,5	109,0	94,8	96,7	97,4
PROD_TRANS	rog	2009	39,0	145,7	126,3	94,7	90,9	104,2	111,1	80,6	120,8	110,7	112,5	120,2
PROD_TRANS	rog	2010	43,7	141,7	120,8	114,0	85,0	124,7	91,6	91,6	123,9	108,1	113,6	99,1
PROD_TRANS	rog	2011	55,7	124,0	119,8	98,5	94,2	114,4	87,3	109,7	115,0	100,5	110,2	113,9
PROD_TRANS	rog	2012	51,0	128,6	113,3	96,8	105,1	102,0	94,9	101,8	107,9	111,4	102,9	122,5
PROD_TRANS	rog	2013	45,4	120,9	122,8	97,7	88,3	125,2	87,9	114,2	101,8	102,2	122,7	111,3
PROD_TRANS	rog	2014	45,4	131,8	123,9	102,3	88,8	116,3	98,4	84,0	123,4	100,7	112,3	141,6
PROD_TRANS	rog	2015	31,1	126,3	139,8	83,8	94,6	115,8						
PROD_TRANS	yoy	2002	101,4	102,2	89,2	106,9	102,0	106,8	96,8	110,0	105,4	99,4	85,1	87,9
PROD_TRANS	yoy	2003	97,2	100,2	111,8	111,4	110,5	117,7	120,5	108,0	106,5	118,4	124,0	141,1
PROD_TRANS	yoy	2004	114,9	120,2	114,2	120,4	106,7	111,9	114,1	110,0	111,7	105,7	113,4	99,5
PROD_TRANS	yoy	2005	93,2	102,6	117,1	95,2	107,9	103,3	99,9	108,8	106,4	111,5	111,8	124,4
PROD_TRANS	yoy	2006	97,6	114,9	95,9	103,6	113,8	109,5	93,8	106,4	102,5	100,6	109,8	108,2
PROD_TRANS	yoy	2007	131,7	103,4	109,8	112,4	111,0	100,1	108,5	99,7	104,3	101,8	114,5	105,7
PROD_TRANS	yoy	2008	92,4	102,8	105,3	104,9	101,4	109,2	111,5	108,1	112,9	106,4	83,1	77,5
PROD_TRANS	yoy	2009	52,9	62,3	70,2	65,5	60,7	59,9	67,8	56,0	62,0	72,4	84,3	104,1
PROD_TRANS	yoy	2010	116,7	113,5	108,5	130,6	122,1	146,2	120,5	137,0	140,5	137,2	138,5	114,2
PROD_TRANS	yoy	2011	145,7	127,5	126,5	109,3	121,2	111,1	105,9	126,9	117,8	109,5	106,2	122,0
PROD_TRANS	yoy	2012	111,6	115,8	109,5	107,7	120,1	107,1	116,5	108,1	101,4	112,4	105,0	112,9
PROD_TRANS	yoy	2013	100,5	94,5	102,4	103,3	86,8	106,6	98,7	110,7	104,5	95,8	114,3	103,8
PROD_TRANS	yoy	2014	103,8	113,2	114,2	119,6	118,3	111,7	122,0	90,9	111,4	109,8	95,5	91,0
PROD_TRANS	yoy	2015	87,2	77,6	94,8	77,8	82,2	80,1						
PROD_TRANS	rytd	2002	101,4	101,8	97,1	99,6	100,0	101,2	100,5	101,6	102,1	101,8	100,1	99,0
PROD_TRANS	rytd	2003	97,2	98,7	103,1	105,3	106,4	108,4	110,2	109,9	109,5	110,4	111,6	114,0
PROD_TRANS	rytd	2004	114,9	117,6	116,4	117,5	115,3	114,6	114,5	113,9	113,7	112,8	112,8	111,5
PROD_TRANS	rytd	2005	93,2	98,1	104,9	102,1	103,2	103,3	102,7	103,5	103,8	104,6	105,3	107,1
PROD_TRANS	rytd	2006	97,6	107,0	102,5	102,8	105,0	105,9	103,9	104,2	104,0	103,6	104,3	104,7
PROD_TRANS	rytd	2007	131,7	115,1	113,1	112,9	112,5	110,1	109,9	108,5	108,0	107,3	108,1	107,8
PROD_TRANS	rytd	2008	92,4	97,9	100,6	101,7	101,7	103,0	104,2	104,7	105,7	105,7	103,1	100,4
PROD_TRANS	rytd	2009	52,9	58,1	62,7	63,5	62,9	62,4	63,2	62,2	62,2	63,3	65,2	68,5
PROD_TRANS	rytd	2010	116,7	114,8	112,1	117,5	118,4	123,4	122,9	124,6	145,4	127,8	129,1	127,2
PROD_TRANS	rytd	2011	145,7	135,0	131,5	124,4	123,7	121,1	118,6	119,7	119,4	118,1	116,6	117,2
PROD_TRANS	rytd	2012	111,6	113,9	112,2	110,9	112,8	111,7	112,4	111,8	110,4	110,7	110,0	110,3
PROD_TRANS	rytd	2013	100,5	97,1	99,2	100,3	97,3	99,0	99,0	100,5	101,0	100,4	101,9	102,2
PROD_TRANS	rytd	2014	103,8	108,9	111,0	113,4	114,8	114,2	114,8	111,8	111,8	111,6	110,1	108,5
PROD_TRANS	rytd	2015	87,2	82,4	86,5	84,3	83,9	83,3						
NOM_EGGS	unit	1999	33135	7516	9086	9077	7456	2566	2418	2532	2764	3087	3235	3155	3074	2848	2535	2299	2622
NOM_EGGS	unit	2000	34085	7854	9343	9155	7733	2666	2461	2727	2871	3197	3275	3180	3094	2881	2661	2436	2636
NOM_EGGS	unit	2001	35242	7737	9700	9708	8097	2635	2378	2724	2926	3307	3467	3404	3276	3028	2788	2593	2716
NOM_EGGS	unit	2002	36378	8344	10113	9655	8266	2846	2582	2916	3089	3477	3547	3372	3236	3047	2836	2634	2796
NOM_EGGS	unit	2003	36625	8385	10284	9747	8209	2879	2591	2915	3117	3528	3639	3451	3277	3019	2811	2616	2782
NOM_EGGS	unit	2004	35901	8213	9842	9575	8271	2812	2559	2842	2994	3371	3477	3337	3228	3010	2832	2638	2801
NOM_EGGS	unit	2005	37140	8342	10225	9930	8643	2859	2542	2941	3099	3517	3609	3462	3335	3133	2973	2755	2916
NOM_EGGS	unit	2006	38216	8672	10332	10196	9016	2971	2651	3050	3174	3553	3605	3557	3451	3188	3086	2884	3046
NOM_EGGS	unit	2007	38208	8781	10376	10076	8975	3015	2684	3082	3183	3556	3637	3544	3416	3116	3116	2860	2999
NOM_EGGS	unit	2008	38058	8551	10213	10075	9219	2912	2675	2964	3095	3485	3633	3540	3408	3127	3147	2958	3114
NOM_EGGS	unit	2009	39429	8966	10578	10406	9479	3081	2729	3156	3238	3603	3737	3617	3524	3265	3274	3030	3175
NOM_EGGS	unit	2010	40599	9382	10993	10655	9569	3210	2867	3305	3378	3750	3865	3741	3578	3336	3288	3062	3219
NOM_EGGS	unit	2011	41113	9509	11018	10790	9796	3266	2898	3345	3430	3749	3839	3731	3647	3412	3392	3141	3263
NOM_EGGS	unit	2012	42033	9917	11246	11011	9859	3382	3075	3460	3525	3819	3902	3810	3748	3453	3442	3149	3268
NOM_EGGS	unit	2013	41286	9817	11152	10651	9666	3364	3023	3430	3497	3803	3852	3706	3609	3336	3330	3096	3240
NOM_EGGS	unit	2014	41860	9571	11100	11123	9954	3303	2932	3336	3457	3778	3865	3841	3774	3508	3439	3183	3332
NOM_EGGS	unit	2015		9810	11435			3373	2982	3455	3548	3880	4007						
NOM_EGGS	yoy	1999	101,2	97,1	98,2	104,5	105,5	91,8	96,5	103,8	97,3	97,2	99,9	102,2	104,4	107,3	107,8	104,5	104,4
NOM_EGGS	yoy	2000	102,9	104,5	102,8	100,9	103,7	103,9	101,8	107,7	103,9	103,6	101,2	100,8	100,6	101,1	105,0	106,0	100,6
NOM_EGGS	yoy	2001	103,4	98,5	103,8	106,0	104,7	98,8	96,6	99,9	101,9	103,5	105,9	107,0	105,9	105,1	104,8	106,4	103,0
NOM_EGGS	yoy	2002	103,2	107,8	104,3	99,4	102,1	108,0	108,6	107,0	105,6	105,1	102,3	99,0	98,8	100,6	101,7	101,6	103,0
NOM_EGGS	yoy	2003	100,7	100,5	101,7	101,0	99,3	101,1	100,3	100,0	100,9	101,5	102,6	102,4	101,3	99,1	99,1	99,3	99,5
NOM_EGGS	yoy	2004	98,0	98,0	95,7	98,2	100,8	97,7	98,8	97,5	96,1	95,5	95,5	96,7	98,5	99,7	100,8	100,8	100,7
NOM_EGGS	yoy	2005	103,5	101,6	103,9	103,7	104,5	101,7	99,3	103,5	103,5	104,4	103,8	103,7	103,3	104,1	105,0	104,4	104,1
NOM_EGGS	yoy	2006	102,9	104,0	101,0	102,7	104,3	103,9	104,3	103,7	102,4	101,0	99,9	102,8	103,5	101,8	103,8	104,7	104,5
NOM_EGGS	yoy	2007	100,0	101,3	100,4	98,8	99,5	101,5	101,2	101,1	100,3	100,1	100,9	99,6	99,0	97,7	101,0	99,2	98,4
NOM_EGGS	yoy	2008	99,6	97,4	98,4	100,0	102,7	96,6	99,7	96,2	97,2	98,0	99,9	99,9	99,8	100,4	101,0	103,4	103,8
NOM_EGGS	yoy	2009	103,6	104,8	103,6	103,3	102,8	105,8	102,0	106,5	104,6	103,4	102,9	102,2	103,4	104,4	104,0	102,4	102,0
NOM_EGGS	yoy	2010	103,0	104,6	103,9	102,4	101,0	104,2	105,0	104,7	104,3	104,1	103,4	103,4	101,5	102,2	100,4	101,1	101,4
NOM_EGGS	yoy	2011	101,3	101,3	100,2	101,3	102,4	101,7	101,1	101,2	101,5	100,0	99,3	99,7	101,9	102,3	103,2	102,6	101,4
NOM_EGGS	yoy	2012	102,2	104,3	102,1	102,0	100,6	103,5	106,1	103,5	102,8	101,9	101,6	102,1	102,8	101,2	101,5	100,3	100,1
NOM_EGGS	yoy	2013	98,2	99,0	99,2	96,7	98,0	99,5	98,3	99,2	99,2	99,6	98,7	97,3	96,3	96,6	96,8	98,3	99,1
NOM_EGGS	yoy	2014	100,0	97,5	97,9	102,9	101,9	98,2	97,0	97,2	97,5	97,7	98,5	102,0	103,0	103,8	102,1	101,7	101,8
NOM_EGGS	yoy	2015		101,7	103,0			101,1	101,0	102,8	102,6	102,7	103,6						
I	bln_rub	1999	670,4	96,8	131,1	185,6	256,9	28,5	31,8	36,5	36,9	41,4	52,8	56,2	61,8	67,6	66,5	72,0	118,4
I	bln_rub	2000	1165,2	165,8	236,0	330,2	433,2	46,1	55,8	63,9	64,5	75,8	95,7	99,1	112,9	118,3	114,6	123,0	195,5
I	bln_rub	2001	1504,7	230,3	318,8	421,1	534,5	66,7	77,4	86,2	87,9	106,1	124,8	127,7	144,2	149,2	144,7	150,2	239,6
I	bln_rub	2002	1762,4	270,1	376,4	494,5	621,4	78,1	89,6	102,4	104,0	125,1	147,3	152,2	167,0	175,3	169,1	174,3	278,0
I	bln_rub	2003	2186,4	330,0	470,6	607,5	778,3	93,8	110,6	125,6	129,9	158,8	181,9	185,8	204,8	216,9	209,6	216,2	352,5
I	bln_rub	2004	2865,0	442,2	626,3	783,3	1013,2	124,1	149,9	168,2	170,7	209,2	246,4	236,8	270,5	276,0	264,9	290,9	457,4
I	bln_rub	2005	3611,1	540,5	776,3	993,6	1300,7	148,1	184,5	207,9	212,6	250,6	313,1	306,5	336,8	350,3	332,4	382,5	585,8
I	bln_rub	2006	4730,0	658,4	1017,6	1287,3	1766,7	176,3	217,5	264,6	267,8	340,6	409,2	381,5	437,6	468,2	462,9	508,6	795,2
I	bln_rub	2007	6716,2	897,6	1414,4	1744,1	2660,1	255,3	298,0	344,3	364,5	472,2	577,7	543,1	584,2	616,8	684,7	740,4	1235,0
I	bln_rub	2008	8781,6	1314,6	1991,5	2369,0	3106,5	364,3	447,3	503,0	544,1	672,2	775,2	725,5	782,0	861,5	879,0	877,4	1350,1
I	bln_rub	2009	7976,0	1224,3	1722,1	2061,0	2968,6	340,2	426,2	457,9	485,0	562,5	674,6	633,4	675,8	751,8	771,9	831,3	1365,4
I	bln_rub	2010	9152,1	1242,9	1962,5	2361,5	3585,2	331,7	421,5	489,7	527,2	642,2	793,1	683,9	794,7	882,9	931,2	977,7	1676,3
I	bln_rub	2011	11035,7	1422,0	2306,0	2854,1	4453,6	367,8	486,3	567,9	611,1	766,9	928,0	824,0	969,2	1060,9	1175,4	1192,3	2085,9
I	bln_rub	2012	12586,1	1730,1	2730,5	3225,0	4900,5	457,3	602,3	670,5	709,9	931,6	1089,0	976,6	1099,1	1149,3	1373,0	1303,3	2224,2
I	bln_rub	2013	13450,3	1905,4	2918,7	3402,9	5223,3	511,4	652,5	741,5	771,6	987,0	1160,1	1053,2	1147,2	1202,5	1449,9	1431,9	2341,5
I	bln_rub	2014	13527,7	1863,8	2942,0	3447,6	5274,3	492,2	643,2	728,4	770,4	991,1	1180,5	1075,1	1168,5	1204,0	1468,5	1372,5	2433,3
I	bln_rub	2015		1969,7	3020,82)			516,9	680,7	772,1	812,82)	1004,22)	1203,82)						
I	yoy	1999	105,3	93,8	99,2	105,0	117,4	92,2	93,8	95,1	94,7	99,2	102,9	102,1	101,9	111,1	114,8	112,1	122,6
I	yoy	2000	117,4	113,5	119,6	119,7	116,1	107,9	116,1	115,7	116,5	122,1	120,0	116,9	122,5	119,6	118,2	118,5	113,4
I	yoy	2001	111,7	107,0	109,5	109,9	111,9	109,4	106,6	105,6	108,4	112,8	107,7	109,1	109,7	110,8	112,4	110,2	112,8
I	yoy	2002	102,9	101,3	103,5	102,7	103,1	100,1	100,1	103,4	103,7	103,3	103,5	104,1	101,5	102,8	103,2	102,9	103,2
I	yoy	2003	112,7	110,1	113,1	111,8	113,7	107,9	111,1	110,9	112,6	114,9	111,8	111,4	111,6	112,4	112,5	112,6	115,0
I	yoy	2004	116,8	118,4	116,9	111,8	111,2	117,5	119,6	118,1	116,0	115,7	118,6	110,9	114,4	110,1	108,2	114,7	110,8
I	yoy	2005	110,2	106,3	108,4	111,4	114,3	103,5	107,2	107,7	108,9	104,9	111,1	113,6	109,1	111,7	111,3	117,2	114,2
I	yoy	2006	117,8	108,8	117,7	116,1	120,3	106,6	105,0	113,7	112,8	121,9	117,8	111,8	116,7	119,3	123,8	117,6	120,0
I	yoy	2007	123,8	120,3	121,3	116,9	128,5	127,6	121,1	114,7	119,4	121,1	122,7	123,2	115,1	113,2	126,7	124,5	132,1
I	yoy	2008	109,5	123,4	117,6	112,3	98,7	120,9	126,1	123,0	125,0	119,1	111,6	110,8	110,5	115,4	106,9	99,7	93,5
I	yoy	2009	86,5	82,0	79,1	82,3	90,7	81,3	83,8	80,9	80,4	76,3	80,6	81,9	81,7	83,1	84,0	90,3	95,4
I	yoy	2010	106,3	95,2	105,6	105,3	111,1	91,7	92,5	100,4	101,7	105,6	108,3	99,5	108,1	107,8	110,6	108,0	113,3
I	yoy	2011	110,8	103,9	107,8	111,3	114,8	100,9	104,6	105,4	105,8	109,4	107,9	110,7	112,1	111,0	116,3	112,8	115,3
I	yoy	2012	106,8	113,9	110,6	105,5	103,2	116,3	116,0	110,6	108,4	113,9	109,3	110,2	106,2	101,2	109,4	102,9	99,9
I	yoy	2013	100,8	102,5	100,2	99,7	101,1	104,0	101,1	102,8	101,7	99,4	99,9	102,0	98,8	98,5	99,8	104,7	99,8
I	yoy	2014	97,3	94,7	98,1	98,5	97,2	92,7	95,5	95,3	97,4	97,3	99,3	99,1	98,4	98,1	99,2	92,2	98,9
I	yoy	2015		96,43)	93,32)			96,13)	95,73)	97,33)	95,22)	92,42)	92,92)						
I	rog	1999						42,5	108,4	111,2	97,2	109,2	124,3	102,6	106,2	104,1	95,1	104,3	161,3
I	rog	2000						37,4	116,6	110,8	97,9	114,4	122,1	100,0	111,2	101,7	94,0	104,6	154,3
I	rog	2001						35,7	113,6	109,8	100,5	119,1	116,5	101,3	111,8	102,7	95,3	102,5	158,0
I	rog	2002						32,0	113,6	113,4	100,8	118,7	116,7	101,9	109,0	104,0	95,7	102,3	158,4
I	rog	2003						33,5	117,0	113,2	102,3	121,2	113,6	101,5	109,3	104,7	95,8	102,4	161,8
I	rog	2004		55,5	137,2	120,6	124,0	35,0	119,1	111,8	100,4	120,8	116,4	94,9	112,8	100,8	94,2	108,5	156,3
I	rog	2005		51,9	139,9	123,9	127,2	32,0	123,3	112,3	101,5	116,4	123,4	97,0	108,3	103,2	93,8	114,3	152,3
I	rog	2006		49,6	151,4	122,1	131,8	30,0	121,5	121,6	100,7	125,7	119,3	92,1	113,0	105,4	97,4	108,5	155,3
I	rog	2007		49,4	152,6	117,7	144,9	31,7	115,3	115,2	104,8	127,5	120,9	92,5	105,6	103,7	109,0	106,6	164,9
I	rog	2008		47,4	145,4	112,4	127,4	29,0	120,3	112,3	106,5	121,5	113,2	91,8	105,4	108,3	101,0	99,4	154,6
I	rog	2009		39,4	140,3	116,9	140,5	25,2	124,0	108,4	106,0	115,3	119,5	93,4	105,2	110,1	102,1	106,8	163,4
I	rog	2010		41,3	155,6	116,6	148,2	24,3	125,1	117,6	107,4	119,7	122,6	85,8	114,2	109,8	104,8	104,3	171,4
I	rog	2011		38,7	161,0	120,6	153,0	21,6	129,8	118,4	107,6	123,8	121,0	88,1	115,7	108,8	109,8	101,1	175,2
I	rog	2012		38,3	156,3	115,1	149,7	21,8	129,4	112,9	105,5	130,0	116,1	88,8	111,4	103,8	118,7	95,1	170,0
I	rog	2013		38,1	152,8	114,4	151,9	21,1	125,8	114,9	104,3	127,1	116,6	90,7	107,9	103,5	120,2	99,8	162,1
I	rog	2014		35,7	158,2	114,9	149,9	21,1	129,6	114,5	106,6	127,0	119,0	90,5	107,1	103,3	121,6	92,7	173,8
I	rog	2015		35,53)	152,82)			20,53)	129,1	116,4	104,12)	123,22)	119,62)						
unknown_var	unknown_unit	1999	115,1	24,4	27,2	28,4	35,1	7,2	7,9	9,3	9,8	8,0	9,3	9,5	9,3	9,6	10,4	11,1	13,7
unknown_var	unknown_unit	2000	149,9	33,9	35,8	37,8	42,4	9,7	11,4	12,8	11,6	11,9	12,3	12,2	12,9	12,7	13,0	14,4	15,0
unknown_var	unknown_unit	2001	155,6	36,9	39,8	38,8	40,2	11,6	12,0	13,3	12,8	13,1	13,8	12,5	13,6	12,7	12,8	13,4	14,0
unknown_var	unknown_unit	2002	168,3	34,2	41,1	44,7	48,3	10,4	10,7	13,1	14,6	13,2	13,2	14,7	15,1	14,8	15,8	15,0	17,5
unknown_var	unknown_unit	2003	212,0	47,1	49,9	54,5	60,5	14,4	15,1	17,6	16,4	16,4	17,2	18,1	18,4	18,0	19,7	18,3	22,4
unknown_var	unknown_unit	2004	280,6	57,2	66,2	73,4	83,8	16,8	18,6	21,7	22,4	21,0	22,8	23,8	25,1	24,6	26,1	27,2	30,4
unknown_var	unknown_unit	2005	363,9	74,4	87,6	96,1	105,8	20,6	24,2	29,6	29,0	29,5	29,0	31,9	32,0	32,1	33,3	34,1	38,5
unknown_var	unknown_unit	2006	460,7	97,2	114,3	120,8	128,4	28,8	31,5	36,8	35,0	39,7	39,6	39,0	42,1	39,7	39,9	40,6	48,0
unknown_var	unknown_unit	2007	569,6	112,8	134,6	145,1	177,2	32,9	37,0	42,8	43,7	46,1	44,7	48,4	50,3	46,4	56,7	57,8	62,7
unknown_var	unknown_unit	2008	755,0	168,1	200,8	217,5	168,5	49,4	56,1	62,6	65,7	66,8	68,3	75,2	72,1	70,2	65,1	50,4	53,0
unknown_var	unknown_unit	2009	481,1	95,5	105,5	128,4	151,7	29,1	30,6	35,7	33,0	34,3	38,2	41,4	41,6	45,4	48,6	48,8	54,3
unknown_var	unknown_unit	2010	638,4	134,9	152,6	163,3	187,6	38,1	45,3	51,4	51,6	50,2	50,9	51,5	54,9	56,9	59,0	59,1	69,5
unknown_var	unknown_unit	2011	834,0	176,4	215,8	211,4	230,3	45,8	61,3	69,3	72,7	72,0	71,1	68,3	73,3	69,9	73,9	76,2	80,2
unknown_var	unknown_unit	2012	863,2	203,3	213,1	212,2	234,6	58,6	69,6	75,1	71,7	73,6	67,8	70,9	71,1	70,3	78,7	75,9	80,1
unknown_var	unknown_unit	2013	864,6	201,7	211,8	218,4	232,8	60,6	68,3	72,8	74,3	67,3	70,1	74,0	70,9	73,5	74,1	76,6	82,0
unknown_var	unknown_unit	2014	805,8	195,5	213,0	206,2	191,1	60,6	60,5	74,4	75,3	70,2	67,4	75,4	66,7	64,1	68,4	59,8	62,9
unknown_var	unknown_unit	2015		135,3				40,3	44,9	50,1	47,9	46,5							
unknown_var	yoy	1999	86,9	68,1	75,5	87,0	125,3	63,5	68,3	72,1	80,5	68,6	77,0	78,4	83,7	102,2	117,9	127,4	129,8
unknown_var	yoy	2000	130,2	138,9	131,8	133,1	120,7	134,6	144,3	137,6	118,4	148,2	131,9	127,9	138,9	132,7	125,8	130,1	109,3
unknown_var	yoy	2001	103,8	108,8	111,0	102,8	94,7	119,7	105,4	103,5	110,1	110,4	112,3	102,7	105,8	99,9	98,2	93,3	93,2
unknown_var	yoy	2002	108,1	92,9	103,2	115,0	120,2	89,8	89,0	99,1	114,1	101,1	95,2	117,8	110,7	116,9	123,3	111,7	125,6
unknown_var	yoy	2003	126,0	137,5	121,6	122,1	125,1	137,9	141,1	134,2	111,9	123,6	130,5	123,0	121,7	121,6	125,0	122,2	127,8
unknown_var	yoy	2004	132,4	121,6	132,5	134,7	138,6	117,1	123,7	123,3	137,0	128,1	132,3	131,3	136,6	136,1	132,4	148,6	135,8
unknown_var	yoy	2005	129,7	130,0	132,4	130,8	126,3	122,6	129,8	136,0	129,5	140,6	127,6	134,1	127,7	130,8	127,5	125,1	126,4
unknown_var	yoy	2006	126,6	130,6	130,5	125,7	121,3	139,9	130,2	124,4	120,5	134,6	136,5	122,1	131,5	123,7	119,8	119,0	124,7
unknown_var	yoy	2007	123,6	116,1	117,7	120,1	138,0	114,2	117,4	116,4	124,8	116,2	112,9	124,3	119,5	116,7	142,1	142,5	130,7
unknown_var	yoy	2008	132,5	149,1	149,3	149,9	95,1	150,0	151,5	146,3	150,5	144,7	152,8	155,4	143,3	151,4	114,9	87,2	84,5
unknown_var	yoy	2009	63,7	56,8	52,5	59,0	90,0	59,0	54,6	57,0	50,2	51,3	56,0	55,0	57,7	64,7	74,6	96,9	102,5
unknown_var	yoy	2010	132,7	141,3	144,7	127,1	123,7	130,8	148,0	144,1	156,4	146,3	133,1	124,5	131,8	125,2	121,6	120,9	128,0
unknown_var	yoy	2011	130,6	130,8	141,4	129,5	122,8	120,2	135,2	134,7	140,9	143,5	139,8	132,5	133,5	122,9	125,2	129,0	115,5
unknown_var	yoy	2012	103,5	115,3	98,7	100,4	101,9	128,0	113,5	108,4	98,6	102,3	95,3	103,8	97,0	100,6	106,4	99,6	99,8
unknown_var	yoy	2013	100,2	99,2	99,4	102,9	99,2	103,3	98,2	97,0	103,7	91,5	103,4	104,4	99,7	104,6	94,2	101,0	102,4
unknown_var	yoy	2014	93,2	96,9	100,6	94,4	82,1	100,1	88,6	102,1	101,4	104,2	96,2	102,0	94,1	87,2	92,2	78,1	76,7
unknown_var	yoy	2015		69,2				66,5	74,2	67,3	63,6	66,3							
unknown_var	rog	1999		87,0	111,5	104,3	123,9	68,1	109,5	118,0	105,7	81,5	116,7	101,8	97,4	103,2	108,2	106,9	123,9
unknown_var	rog	2000		96,4	105,8	105,4	112,3	70,6	117,4	112,5	90,9	102,0	103,8	98,8	105,8	98,6	102,6	110,6	104,1
unknown_var	rog	2001		86,9	107,9	97,6	103,5	77,4	103,4	110,5	96,7	102,2	105,6	90,4	109,0	93,1	100,8	105,0	104,0
unknown_var	rog	2002		85,2	119,9	108,8	108,2	74,6	102,5	123,1	111,3	90,6	99,5	111,7	102,4	98,3	106,4	95,0	117,0
unknown_var	rog	2003		97,4	106,1	109,1	110,9	81,9	105,0	117,0	92,9	100,0	105,1	105,3	101,3	98,3	109,3	92,9	122,3
unknown_var	rog	2004		94,6	115,7	111,0	114,1	75,0	110,9	116,6	103,2	93,5	108,5	104,6	105,4	97,9	106,3	104,3	111,7
unknown_var	rog	2005		88,8	117,7	109,7	110,2	67,7	117,5	122,1	98,2	101,6	98,4	109,9	100,3	100,3	103,6	102,4	112,9
unknown_var	rog	2006		91,8	117,7	105,7	106,3	75,0	109,3	116,7	95,2	113,4	99,8	98,4	108,0	94,4	100,3	101,7	118,3
unknown_var	rog	2007		87,8	119,3	107,8	122,1	68,7	112,4	115,7	102,0	105,6	97,0	108,2	103,9	92,2	122,2	102,0	108,5
unknown_var	rog	2008		94,9	119,4	108,3	77,5	78,8	113,4	111,7	104,9	101,6	102,4	110,1	95,8	97,4	92,7	77,5	105,0
unknown_var	rog	2009		56,7	110,5	121,7	118,1	55,0	105,1	116,5	92,4	103,9	111,6	108,2	100,6	109,1	106,9	100,6	111,1
unknown_var	rog	2010		88,9	113,2	107,0	114,9	70,2	118,9	113,4	100,3	97,2	101,4	101,3	106,5	103,7	103,8	100,0	117,6
unknown_var	rog	2011		94,0	122,4	98,0	108,9	66,0	133,8	113,0	105,0	99,0	98,8	96,0	107,3	95,4	105,8	103,0	105,3
unknown_var	rog	2012		88,3	104,8	99,6	110,5	73,1	118,6	107,9	95,5	102,7	92,1	104,5	100,3	98,9	112,0	96,4	105,5
unknown_var	rog	2013		86,0	105,0	103,1	106,6	75,6	112,9	106,6	102,0	90,6	104,1	105,5	95,8	103,7	100,8	103,3	107,1
unknown_var	rog	2014		84,0	108,9	96,8	92,7	73,9	99,8	122,9	101,3	93,1	96,1	111,8	88,5	96,0	106,7	87,5	105,0
unknown_var	rog	2015		70,8				64,1	111,4	111,4	95,7	97,1							
EX_GOODS	bln_usd	1999	75,6	15,3	17,1	18,9	24,3	4,5	4,9	5,8	6,6	5,1	5,4	6,3	6,2	6,4	7,0	7,6	9,7
EX_GOODS	bln_usd	2000	105,0	23,9	25,5	26,6	29,1	6,8	8,0	9,1	8,3	8,5	8,7	8,6	9,1	9,0	8,9	10,1	10,1
EX_GOODS	bln_usd	2001	101,9	25,6	26,2	25,6	24,6	8,4	8,2	8,9	8,5	8,5	9,2	8,1	9,0	8,5	8,0	8,4	8,2
EX_GOODS	bln_usd	2002	107,3	21,9	26,3	28,9	30,2	6,7	6,7	8,5	9,5	8,6	8,2	9,3	10,0	9,7	9,9	9,3	11,0
EX_GOODS	bln_usd	2003	135,9	31,1	31,7	34,9	38,2	9,6	9,9	11,6	10,2	10,5	11,1	11,4	12,0	11,6	12,6	11,5	14,0
EX_GOODS	bln_usd	2004	183,2	37,3	43,2	48,5	54,3	11,3	12,1	14,0	14,7	13,6	14,9	15,4	16,8	16,3	17,2	17,8	19,2
EX_GOODS	bln_usd	2005	240,0	49,1	58,7	64,0	68,3	13,7	15,9	19,5	19,5	20,0	19,1	21,2	21,4	21,4	21,8	21,8	24,6
EX_GOODS	bln_usd	2006	297,5	66,4	75,6	78,7	76,8	20,5	21,4	24,4	23,7	26,8	25,1	25,5	27,9	25,4	24,0	24,4	28,4
EX_GOODS	bln_usd	2007	346,5	70,2	81,9	87,1	107,4	21,3	22,9	25,9	27,0	28,7	26,2	29,1	30,3	27,7	34,4	35,2	37,8
EX_GOODS	bln_usd	2008	466,3	108,4	126,0	134,5	97,4	33,9	35,1	39,4	40,5	42,5	43,0	46,5	45,0	43,0	38,4	29,4	29,7
EX_GOODS	bln_usd	2009	297,2	57,8	63,6	81,6	94,2	18,9	17,4	21,5	18,8	21,2	23,6	26,2	26,8	28,6	30,2	30,4	33,7
EX_GOODS	bln_usd	2010	392,7	90,1	95,4	95,7	111,6	27,0	30,1	33,0	32,7	31,1	31,6	30,7	31,3	33,7	34,6	34,5	42,5
EX_GOODS	bln_usd	2011	515,4	111,7	133,5	128,3	141,9	29,6	39,6	42,5	45,8	44,0	43,7	41,4	43,8	43,0	45,2	46,4	50,2
EX_GOODS	bln_usd	2012	527,4	131,0	131,2	125,2	140,0	39,5	44,9	46,7	44,9	45,5	40,8	41,2	41,1	42,9	46,5	45,3	48,2
EX_GOODS	bln_usd	2013	523,3	125,2	127,3	131,0	139,8	38,8	41,9	44,5	44,5	41,0	41,8	43,7	42,5	44,8	43,5	46,8	49,5
EX_GOODS	bln_usd	2014	497,8	123,0	132,3	125,7	116,7	39,6	36,4	47,0	47,6	44,0	40,7	46,2	41,5	38,1	41,5	36,8	38,4
EX_GOODS	bln_usd	2015		89,9				27,8	29,3	32,7	31,5	30,9							
EX_GOODS	yoy	1999	101,5	85,1	91,6	98,5	130,1	79,0	86,8	89,0	106,4	84,9	83,8	94,4	99,8	101,5	119,0	132,3	137,5
EX_GOODS	yoy	2000	139,0	156,4	149,0	141,1	119,5	150,9	161,2	156,7	125,9	165,0	161,9	136,6	147,7	139,1	127,5	132,1	103,9
EX_GOODS	yoy	2001	97,0	107,0	102,7	96,1	84,6	123,0	103,7	97,9	102,5	100,8	104,9	94,2	99,1	94,8	89,8	83,3	81,4
EX_GOODS	yoy	2002	105,3	85,6	100,5	113,0	122,9	80,5	81,0	94,7	112,3	100,4	89,9	114,8	110,2	114,3	124,0	110,6	134,3
EX_GOODS	yoy	2003	126,7	142,0	120,8	120,8	126,4	143,0	147,7	136,7	107,1	122,0	135,2	123,0	120,5	119,1	127,7	124,7	126,5
EX_GOODS	yoy	2004	134,8	120,0	136,0	138,7	142,2	116,9	122,5	120,4	144,6	130,3	133,6	135,4	139,8	140,8	136,1	154,3	137,8
EX_GOODS	yoy	2005	131,0	131,7	135,9	132,0	125,8	121,5	131,4	140,1	132,6	147,2	128,7	137,3	127,6	131,5	126,9	122,4	128,1
EX_GOODS	yoy	2006	123,9	135,3	128,7	123,1	112,5	150,1	135,2	125,0	121,2	133,5	131,4	120,2	130,3	118,6	110,2	111,9	115,0
EX_GOODS	yoy	2007	116,5	105,7	108,4	110,6	139,9	103,7	107,0	106,2	114,1	107,1	104,2	114,1	108,9	109,0	143,2	144,4	133,2
EX_GOODS	yoy	2008	134,6	154,4	153,9	154,4	90,7	159,1	153,0	151,9	150,1	148,1	164,3	160,0	148,3	155,3	111,5	83,4	78,6
EX_GOODS	yoy	2009	63,7	53,3	50,4	60,7	96,7	55,7	49,6	54,5	46,5	49,8	54,8	56,2	59,6	66,6	78,6	103,6	113,5
EX_GOODS	yoy	2010	132,1	155,9	150,0	117,2	118,4	143,0	172,8	153,7	173,6	147,0	133,9	117,4	116,6	117,7	114,7	113,5	126,2
EX_GOODS	yoy	2011	131,3	124,0	140,0	134,1	127,2	109,7	131,7	128,7	140,1	141,6	138,4	134,9	140,2	127,8	130,8	134,5	118,2
EX_GOODS	yoy	2012	102,3	117,3	98,3	97,6	98,7	133,5	113,3	109,9	98,0	103,3	93,5	99,3	93,8	99,8	102,9	97,5	95,9
EX_GOODS	yoy	2013	99,2	95,5	97,0	104,7	99,8	98,3	93,3	95,3	99,0	90,1	102,5	106,2	103,4	104,4	93,4	103,4	102,7
EX_GOODS	yoy	2014	95,1	98,3	104,0	96,0	83,5	102,0	87,0	105,7	107,0	107,5	97,3	105,7	97,5	85,0	95,6	78,5	77,5
EX_GOODS	yoy	2015		73,1				70,3	80,5	69,7	66,1	70,2							
EX_GOODS	rog	1999		81,7	111,9	110,5	128,8	63,7	109,5	118,3	112,4	78,3	105,1	116,4	98,2	104,4	108,4	109,0	127,9
EX_GOODS	rog	2000		98,3	106,6	104,6	109,1	69,9	116,9	115,0	90,3	102,6	103,1	98,2	106,2	98,3	99,4	113,0	100,5
EX_GOODS	rog	2001		88,0	102,3	97,9	96,0	82,8	98,6	108,5	94,5	100,9	107,3	88,2	111,7	94,1	94,1	104,8	98,2
EX_GOODS	rog	2002		89,0	120,1	110,0	104,4	81,9	99,2	127,0	112,0	90,2	96,1	112,7	107,3	97,5	102,1	93,4	119,3
EX_GOODS	rog	2003		102,9	102,2	110,1	109,2	87,2	102,4	117,6	87,8	102,8	106,4	102,5	105,1	96,4	109,5	91,3	121,0
EX_GOODS	rog	2004		97,7	115,8	112,2	111,9	80,6	107,3	115,5	105,4	92,5	109,2	103,9	108,5	97,1	105,8	103,5	108,1
EX_GOODS	rog	2005		90,5	119,6	109,0	106,7	71,1	116,0	123,2	99,8	102,7	95,4	110,8	100,9	100,1	102,0	99,8	113,1
EX_GOODS	rog	2006		97,3	113,8	104,2	97,5	83,3	104,5	113,9	96,8	113,2	93,9	101,4	109,3	91,2	94,7	101,4	116,3
EX_GOODS	rog	2007		91,4	116,7	106,4	123,3	75,1	107,8	113,1	104,0	106,2	91,3	111,0	104,2	91,3	124,4	102,2	107,3
EX_GOODS	rog	2008		100,9	116,3	106,7	72,5	89,7	103,6	112,3	102,8	104,8	101,3	108,2	96,6	95,6	89,3	76,5	101,2
EX_GOODS	rog	2009		59,3	110,1	128,3	115,5	63,5	92,3	123,2	87,7	112,3	111,4	111,0	102,4	106,7	105,4	100,8	110,8
EX_GOODS	rog	2010		95,6	105,9	100,3	116,7	80,1	111,6	109,6	99,1	95,1	101,4	97,4	101,7	107,7	102,7	99,8	123,2
EX_GOODS	rog	2011		100,1	119,5	96,1	110,6	69,6	133,9	107,2	107,9	96,1	99,1	94,9	105,8	98,2	105,1	102,6	108,2
EX_GOODS	rog	2012		92,3	100,1	95,4	111,8	78,6	113,6	104,0	96,2	101,3	89,7	100,8	99,9	104,4	108,4	97,3	106,5
EX_GOODS	rog	2013		89,4	101,7	103,0	106,7	80,6	107,8	106,2	100,0	92,1	102,1	104,5	97,3	105,4	97,0	107,7	105,8
EX_GOODS	rog	2014		88,0	107,6	95,0	92,8	80,0	92,0	129,1	101,2	92,6	92,4	113,6	89,7	91,9	109,1	88,5	104,4
EX_GOODS	rog	2015		77,0				72,5	105,3	111,8	96,1	98,2							
IM_GOODS	bln_usd	1999	39,5	9,1	10,1	9,5	10,8	2,7	3,0	3,5	3,3	2,9	4,0	3,2	3,1	3,1	3,4	3,5	4,0
IM_GOODS	bln_usd	2000	44,9	10,0	10,4	11,1	13,4	2,9	3,4	3,7	3,4	3,4	3,6	3,6	3,8	3,8	4,1	4,4	4,9
IM_GOODS	bln_usd	2001	53,8	11,3	13,6	13,2	15,6	3,2	3,7	4,3	4,4	4,6	4,7	4,4	4,6	4,2	4,8	5,1	5,7
IM_GOODS	bln_usd	2002	61,0	12,3	14,8	15,7	18,1	3,7	4,0	4,7	5,1	4,7	5,0	5,5	5,1	5,1	5,9	5,7	6,5
IM_GOODS	bln_usd	2003	76,1	16,0	18,2	19,6	22,3	4,7	5,2	6,0	6,2	5,9	6,1	6,7	6,4	6,5	7,1	6,8	8,5
IM_GOODS	bln_usd	2004	97,4	19,9	23,0	25,0	29,5	5,6	6,6	7,8	7,7	7,4	7,9	8,4	8,3	8,3	8,9	9,4	11,2
IM_GOODS	bln_usd	2005	123,8	25,3	28,9	32,1	37,6	6,9	8,3	10,0	9,5	9,5	9,9	10,7	10,6	10,7	11,5	12,3	13,8
IM_GOODS	bln_usd	2006	163,2	30,7	38,8	42,1	51,6	8,3	10,1	12,4	11,4	12,9	14,5	13,5	14,2	14,3	15,8	16,2	19,6
IM_GOODS	bln_usd	2007	223,1	42,6	52,7	58,0	69,8	11,7	14,1	16,9	16,7	17,5	18,5	19,3	20,0	18,7	22,2	22,6	24,9
IM_GOODS	bln_usd	2008	288,7	59,8	74,8	83,0	71,0	15,6	21,0	23,2	25,2	24,3	25,3	28,7	27,1	27,2	26,7	21,1	23,3
IM_GOODS	bln_usd	2009	183,9	37,7	41,9	46,8	57,4	10,3	13,2	14,2	14,1	13,1	14,7	15,2	14,8	16,8	18,4	18,4	20,6
IM_GOODS	bln_usd	2010	245,7	44,8	57,3	67,6	76,0	11,1	15,2	18,4	18,9	19,1	19,3	20,8	23,6	23,2	24,5	24,5	27,0
IM_GOODS	bln_usd	2011	318,6	64,7	82,3	83,1	88,4	16,2	21,7	26,8	26,9	27,9	27,5	26,9	29,4	26,8	28,7	29,8	30,0
IM_GOODS	bln_usd	2012	335,8	72,2	81,9	87,0	94,6	19,1	24,7	28,4	26,8	28,2	27,0	29,7	30,0	27,4	32,2	30,6	31,9
IM_GOODS	bln_usd	2013	341,3	76,6	84,5	87,3	93,0	21,7	26,5	28,4	29,8	26,4	28,2	30,3	28,4	28,7	30,7	29,8	32,5
IM_GOODS	bln_usd	2014	308,0	72,5	80,6	80,5	74,4	21,0	24,1	27,4	27,8	26,1	26,7	29,2	25,3	26,0	26,8	23,1	24,5
IM_GOODS	bln_usd	2015		45,4				12,5	15,6	17,3	16,4	15,6							
IM_GOODS	yoy	1999	68,1	51,1	58,1	70,6	115,8	47,8	50,3	54,7	54,2	51,0	69,3	58,9	63,4	103,5	115,7	117,7	114,3
IM_GOODS	yoy	2000	113,5	109,5	102,7	117,3	123,5	107,4	116,2	105,6	103,3	118,2	90,9	111,2	121,4	119,5	122,3	125,7	122,5
IM_GOODS	yoy	2001	119,8	113,1	131,2	119,0	116,8	112,0	109,3	117,7	128,7	134,4	130,4	123,0	122,0	112,1	116,4	116,3	117,5
IM_GOODS	yoy	2002	113,4	109,4	108,5	118,8	116,0	113,8	106,8	108,2	117,7	102,4	105,8	123,3	111,5	122,0	122,2	113,5	113,2
IM_GOODS	yoy	2003	124,8	129,4	123,2	124,5	123,1	128,5	130,2	129,5	120,9	126,4	122,6	123,0	124,0	126,5	120,5	118,1	129,9
IM_GOODS	yoy	2004	128,0	124,6	126,2	127,5	132,3	117,5	126,0	129,0	124,4	124,3	129,9	124,4	130,6	127,7	125,8	139,0	132,4
IM_GOODS	yoy	2005	127,2	127,0	125,7	128,5	127,3	124,7	127,1	128,6	123,5	128,4	125,4	128,3	127,9	129,3	128,6	130,3	123,6
IM_GOODS	yoy	2006	131,8	121,5	134,2	131,1	137,4	119,9	120,8	123,3	119,2	136,7	146,3	125,7	133,8	133,8	138,1	131,6	142,0
IM_GOODS	yoy	2007	136,7	138,6	135,9	137,9	135,1	140,2	139,6	136,7	147,0	135,1	128,1	143,4	140,4	130,3	140,5	139,7	127,0
IM_GOODS	yoy	2008	129,4	140,3	142,0	143,1	101,8	133,5	149,1	137,6	151,0	139,2	136,5	148,4	135,7	145,7	120,2	93,2	93,3
IM_GOODS	yoy	2009	63,7	63,1	56,0	56,4	80,8	66,1	63,0	61,2	56,1	54,0	58,0	53,0	54,6	61,7	68,9	87,5	88,5
IM_GOODS	yoy	2010	133,6	118,8	136,6	144,4	132,3	108,4	115,4	129,6	133,6	145,3	131,8	136,8	159,3	138,1	132,8	133,1	131,0
IM_GOODS	yoy	2011	129,7	144,3	143,7	122,9	116,4	145,6	142,2	145,3	142,4	146,6	142,2	129,0	124,7	115,6	117,4	121,2	111,1
IM_GOODS	yoy	2012	105,4	111,7	99,5	104,7	107,0	118,0	114,0	106,0	99,5	100,8	98,2	110,6	101,8	101,9	112,0	102,8	106,3
IM_GOODS	yoy	2013	101,7	106,0	103,1	100,4	98,3	113,5	107,2	99,9	111,5	93,7	104,7	101,9	94,7	104,9	95,4	97,4	102,0
IM_GOODS	yoy	2014	90,2	94,7	95,5	92,2	80,0	96,8	91,0	96,5	93,0	99,0	94,7	96,5	89,1	90,5	87,5	77,5	75,4
IM_GOODS	yoy	2015		62,7				59,5	64,8	63,2	59,2	59,7							
IM_GOODS	rog	1999		97,4	110,9	93,8	114,2	77,0	109,7	117,6	94,5	87,8	137,3	81,9	96,0	100,9	107,7	102,5	115,3
IM_GOODS	rog	2000		92,1	104,0	107,2	120,2	72,4	118,7	106,8	92,5	100,5	105,6	100,3	104,8	99,3	110,2	105,3	112,4
IM_GOODS	rog	2001		84,4	120,6	97,2	118,0	66,1	115,9	115,0	101,2	104,9	102,4	94,6	104,0	91,3	114,4	105,3	113,6
IM_GOODS	rog	2002		79,1	119,6	106,5	115,3	64,1	108,7	116,4	110,1	91,3	105,8	110,2	94,1	99,8	114,6	97,8	113,2
IM_GOODS	rog	2003		88,2	113,9	107,5	114,0	72,7	110,1	115,8	102,8	95,4	102,7	110,5	94,8	101,9	109,1	95,8	124,5
IM_GOODS	rog	2004		89,3	115,3	108,7	118,3	65,8	118,1	118,6	99,1	95,3	107,3	105,8	99,6	99,6	107,5	105,9	118,6
IM_GOODS	rog	2005		85,7	114,1	111,1	117,1	62,0	120,4	120,1	95,1	99,2	104,7	108,3	99,3	100,7	106,9	107,3	112,5
IM_GOODS	rog	2006		81,8	126,1	108,5	122,7	60,1	121,3	122,5	92,0	113,8	112,0	93,1	105,6	100,7	110,3	102,3	121,3
IM_GOODS	rog	2007		82,5	123,6	110,1	120,2	59,4	120,7	120,0	98,9	104,5	106,2	104,3	103,4	93,5	118,9	101,7	110,3
IM_GOODS	rog	2008		85,7	125,1	111,0	85,5	62,4	134,8	110,8	108,5	96,3	104,2	113,3	94,6	100,4	98,1	78,9	110,4
IM_GOODS	rog	2009		53,1	111,2	111,7	122,6	44,2	128,5	107,7	99,4	92,7	111,8	103,7	97,4	113,4	109,5	100,2	111,6
IM_GOODS	rog	2010		78,0	127,8	118,1	112,3	54,1	136,8	121,0	102,5	100,8	101,4	107,7	113,4	98,3	105,4	100,4	109,8
IM_GOODS	rog	2011		85,2	127,3	101,0	106,4	60,2	133,5	123,6	100,5	103,8	98,4	97,7	109,6	91,2	106,9	103,7	100,7
IM_GOODS	rog	2012		81,7	113,4	106,2	108,7	63,9	129,0	115,0	94,2	105,2	95,8	110,1	100,9	91,3	117,5	95,1	104,1
IM_GOODS	rog	2013		80,9	110,3	103,4	106,4	68,2	122,0	107,1	105,2	88,4	107,1	107,1	93,7	101,2	106,8	97,2	109,0
IM_GOODS	rog	2014		78,0	111,2	99,8	92,5	64,7	114,7	113,6	101,4	94,1	102,4	109,2	86,6	102,8	103,2	86,1	106,0
IM_GOODS	rog	2015		61,1				51,0	125,1	110,8	94,9	95,0							
RETAIL_SALES	bln_rub	1999	1797,4	379,0	416,5	464,6	537,3	121,8	122,9	134,3	135,4	138,9	142,2	145,8	157,6	161,2	167,1	170,2	200,0
RETAIL_SALES	bln_rub	2000	2352,3	517,7	542,8	598,4	693,4	170,3	168,1	179,3	177,8	179,8	185,2	190,2	202,6	205,6	214,3	220,5	258,6
RETAIL_SALES	bln_rub	2001	3070,0	665,2	729,6	783,3	891,9	214,4	216,4	234,4	237,7	244,0	247,9	250,5	266,3	266,5	277,8	283,8	330,3
RETAIL_SALES	bln_rub	2002	3765,4	828,0	884,2	963,5	1089,7	270,9	268,0	289,1	293,6	291,9	298,7	311,1	325,3	327,1	340,5	347,2	402,0
RETAIL_SALES	bln_rub	2003	4529,7	1013,9	1071,9	1142,5	1301,4	329,5	327,2	357,2	356,8	355,6	359,5	371,1	382,2	389,2	406,9	413,2	481,3
RETAIL_SALES	bln_rub	2004	5642,5	1237,3	1322,2	1430,5	1652,5	399,6	400,6	437,1	439,1	439,1	444,0	463,5	479,2	487,8	512,7	525,4	614,4
RETAIL_SALES	bln_rub	2005	7041,5	1511,2	1674,9	1796,8	2058,6	485,8	488,9	536,5	553,3	559,7	561,9	580,8	600,8	615,2	638,9	648,3	771,4
RETAIL_SALES	bln_rub	2006	8711,9	1857,2	2068,1	2237,3	2549,3	594,6	599,7	662,9	678,8	689,0	700,3	725,6	751,7	760,0	793,5	798,9	956,9
RETAIL_SALES	bln_rub	2007	10869,0	2257,8	2542,6	2799,2	3269,4	727,7	728,5	801,6	826,3	847,1	869,2	903,2	942,5	953,5	1004,2	1023,4	1241,8
RETAIL_SALES	bln_rub	2008	13944,2	2957,8	3331,7	3664,1	3990,6	944,1	964,3	1049,4	1076,9	1115,8	1139,0	1187,5	1231,2	1245,4	1280,3	1247,1	1463,2
RETAIL_SALES	bln_rub	2009	14599,2	3330,6	3513,2	3688,1	4067,3	1103,1	1073,0	1154,5	1151,4	1175,2	1186,6	1218,8	1236,5	1232,8	1273,8	1265,2	1528,3
RETAIL_SALES	bln_rub	2010	16512,0	3634,0	3943,6	4215,9	4718,5	1196,4	1166,7	1270,9	1283,2	1320,6	1339,8	1384,5	1418,4	1413,0	1467,0	1475,3	1776,2
RETAIL_SALES	bln_rub	2011	19104,3	4184,8	4573,2	4900,5	5445,8	1362,5	1355,6	1466,7	1486,4	1533,8	1553,0	1600,9	1654,4	1645,2	1703,3	1696,0	2046,5
RETAIL_SALES	bln_rub	2012	21394,5	4689,7	5112,2	5492,4	6100,2	1524,5	1524,4	1640,8	1650,1	1712,9	1749,2	1794,1	1848,7	1849,6	1904,5	1900,3	2295,4
RETAIL_SALES	bln_rub	2013	23685,9	5241,3	5692,8	6052,0	6699,8	1710,7	1690,3	1840,3	1850,3	1902,3	1940,2	1991,2	2041,1	2019,7	2083,1	2099,5	2517,2
RETAIL_SALES	bln_rub	2014	26356,2	5792,9	6256,7	6697,3	7609,3	1867,1	1871,3	2054,5	2042,9	2095,0	2118,8	2192,2	2263,8	2241,3	2310,9	2343,6	2954,8
RETAIL_SALES	bln_rub	2015		6302,4	6620,1			2063,7	2031,9	2206,8	2166,5	2221,6	2232,0						
RETAIL_SALES	yoy	1999	94,2	88,1	90,0	90,3	103,1	84,0	89,2	91,4	88,9	89,7	91,3	89,2	88,8	92,2	101,9	101,9	105,6
RETAIL_SALES	yoy	2000	109,0	108,2	108,7	109,4	109,4	107,6	108,7	108,4	109,1	108,4	108,7	110,2	109,3	108,8	109,0	109,9	109,4
RETAIL_SALES	yoy	2001	111,0	107,9	111,9	111,7	111,9	106,6	108,0	108,9	111,0	112,8	112,0	111,4	112,2	111,6	112,7	112,2	111,3
RETAIL_SALES	yoy	2002	109,3	109,6	108,0	109,9	109,6	110,2	109,1	109,7	109,9	106,4	107,9	110,7	109,1	110,0	110,1	109,7	109,3
RETAIL_SALES	yoy	2003	108,8	109,9	109,8	107,5	108,1	109,4	109,6	110,6	109,4	110,7	109,3	108,4	106,6	107,5	107,7	107,6	108,8
RETAIL_SALES	yoy	2004	113,3	111,7	112,9	113,6	114,9	110,8	112,1	112,2	112,8	113,0	112,7	113,6	113,7	113,5	114,2	115,0	115,1
RETAIL_SALES	yoy	2005	112,8	110,5	113,8	113,3	113,5	110,1	110,6	110,9	113,5	114,4	113,6	112,8	113,2	113,8	113,0	112,3	114,9
RETAIL_SALES	yoy	2006	114,1	111,4	113,6	115,3	115,3	111,5	110,8	112,0	112,1	113,3	115,5	115,8	115,5	114,6	115,5	114,9	115,7
RETAIL_SALES	yoy	2007	116,1	114,8	115,8	116,8	116,8	114,7	115,0	114,6	115,1	115,9	116,3	116,2	117,4	116,8	115,9	116,5	117,7
RETAIL_SALES	yoy	2008	113,7	117,4	115,1	115,2	108,8	117,0	118,8	116,6	115,0	115,4	114,8	115,7	114,8	115,0	113,1	108,7	105,5
RETAIL_SALES	yoy	2009	94,9	100,4	94,8	91,1	94,3	104,7	99,1	97,7	95,6	94,8	94,0	92,5	90,8	90,2	91,7	93,9	96,8
RETAIL_SALES	yoy	2010	106,5	102,4	107,0	108,6	107,6	100,8	102,0	104,2	106,0	107,1	108,0	108,9	109,2	107,7	107,5	108,2	107,1
RETAIL_SALES	yoy	2011	107,1	105,0	105,8	107,9	109,0	103,9	106,0	105,2	105,5	105,9	105,9	106,1	108,2	109,3	109,1	108,5	109,4
RETAIL_SALES	yoy	2012	106,3	107,9	107,4	105,6	104,9	107,5	108,3	107,8	107,0	107,6	107,7	106,2	105,3	105,3	104,7	105,0	105,0
RETAIL_SALES	yoy	2013	103,9	104,0	103,8	104,0	103,6	104,5	103,1	104,5	104,3	103,4	103,8	104,5	104,2	103,2	103,3	104,1	103,5
unknown_var	unknown_unit	2015		93,6	90,6			96,4	93,0	91,5	90,4	90,8	90,6						
unknown_var	rog	1999		88,0	100,8	105,1	110,6	81,7	96,9	106,0	97,6	100,2	100,7	100,0	106,5	100,5	102,1	100,5	116,0
unknown_var	rog	2000		92,4	101,3	105,8	110,5	83,3	97,9	105,9	98,2	99,6	101,1	101,4	105,6	100,1	102,2	101,4	115,6
unknown_var	rog	2001		91,1	105,0	105,7	110,8	81,2	99,2	106,7	100,0	101,1	100,4	100,9	106,3	99,6	103,1	100,9	114,7
unknown_var	rog	2002		89,2	103,4	107,5	110,6	80,4	98,1	107,3	100,3	97,8	101,8	103,6	104,7	100,4	103,3	100,6	114,3
unknown_var	rog	2003		89,4	103,3	105,2	111,1	80,5	98,3	108,2	99,1	99,0	100,5	102,7	103,0	101,2	103,4	100,6	115,4
unknown_var	rog	2004		92,4	104,5	106,0	112,3	82,1	99,4	108,4	99,7	99,3	100,2	103,6	103,0	101,1	104,0	101,4	115,6
unknown_var	rog	2005		89,0	107,5	105,4	112,4	78,5	99,9	108,6	102,0	100,1	99,5	102,9	103,3	101,7	103,2	100,8	118,2
unknown_var	rog	2006		87,5	109,6	107,0	112,5	76,2	99,3	109,8	102,1	101,1	101,4	103,1	103,1	100,8	104,1	100,1	119,1
unknown_var	rog	2007		87,0	110,6	107,9	112,5	75,6	99,5	109,5	102,5	101,9	101,7	103,0	104,2	100,3	103,3	100,6	120,3
unknown_var	rog	2008		87,5	108,4	108,0	106,3	75,1	101,1	107,4	101,1	102,2	101,2	103,8	103,4	100,4	101,6	96,6	116,7
unknown_var	rog	2009		80,8	102,3	103,8	109,9	74,6	95,6	105,9	98,9	101,4	100,3	102,1	101,6	99,8	103,3	99,0	120,3
unknown_var	rog	2010		87,7	107,0	105,3	108,9	77,7	96,8	108,2	100,6	102,4	101,2	103,0	101,8	98,4	103,1	99,6	119,1
unknown_var	rog	2011		85,6	107,7	107,5	110,0	75,4	98,7	107,4	100,9	102,8	101,2	103,3	103,8	99,5	102,9	99,0	120,1
unknown_var	rog	2012		84,7	107,2	105,6	109,3	74,1	99,5	106,9	100,2	103,3	101,3	101,8	102,8	99,5	102,3	99,3	120,1
unknown_var	rog	2013		84,0	107,1	105,8	108,9	73,7	98,2	108,4	100,0	102,3	101,7	102,5	102,6	98,6	102,3	100,1	119,4
unknown_var	rog	2014		84,21)	105,3	105,6	110,0	73,21)	99,5	108,6	98,6	101,7	100,6	103,1	103,0	98,4	102,2	100,1	123,2
unknown_var	rog	2015		76,6	101,9			67,3	96,0	106,8	97,4	102,1	100,4						
USLUGI	bln_rub	1999	443,7	90,6	102,4	121,0	129,7	28,7	29,5	32,4	32,7	32,8	36,9	39,1	40,5	41,4	41,7	42,3	45,7
USLUGI	bln_rub	2000	602,8	122,9	138,3	162,9	178,7	39,8	39,5	43,6	44,2	44,9	49,2	52,8	55,0	55,1	56,8	58,4	63,5
USLUGI	bln_rub	2001	811,7	168,7	194,2	219,3	229,5	54,9	54,8	59,0	61,9	63,5	68,8	72,2	74,0	73,1	74,6	75,5	79,4
USLUGI	bln_rub	2002	1088,0	232,1	259,0	288,3	308,6	75,6	76,0	80,5	84,0	85,2	89,8	94,2	96,8	97,3	98,9	101,3	108,4
USLUGI	bln_rub	2003	1430,7	312,7	344,2	377,8	396,0	101,1	102,7	108,9	111,5	113,5	119,2	125,8	124,6	127,4	128,4	128,8	138,8
USLUGI	bln_rub	2004	1789,7	393,4	430,2	473,5	492,7	126,9	128,6	137,9	140,2	141,2	148,8	155,9	157,7	159,9	158,7	160,9	173,1
USLUGI	bln_rub	2005	2264,7	481,6	554,6	599,7	628,8	151,5	157,5	172,6	178,7	183,8	192,1	198,2	200,7	200,8	200,6	207,2	221,0
USLUGI	bln_rub	2006	2798,4	600,0	689,4	739,9	769,1	190,1	195,5	214,4	218,1	228,1	243,2	246,4	247,5	246,0	251,2	254,7	263,2
USLUGI	bln_rub	2007	3407,0	740,4	842,5	893,4	930,7	237,9	241,6	260,9	267,4	281,0	294,1	299,6	298,8	295,1	302,3	307,0	321,3
USLUGI	bln_rub	2008	4079,8	900,2	1006,7	1080,8	1092,1	288,6	297,9	313,7	323,5	331,4	351,8	365,5	354,8	360,5	362,5	355,9	373,7
USLUGI	bln_rub	2009	4420,0	1031,6	1095,1	1131,8	1161,5	334,8	338,7	358,1	357,7	358,9	378,5	383,1	373,7	375,0	376,9	377,0	407,6
USLUGI	bln_rub	2010	4851,0	1122,9	1204,2	1237,2	1286,7	357,2	369,6	396,1	394,0	396,5	413,7	416,6	408,6	412,0	414,5	423,4	448,8
USLUGI	bln_rub	2011	5424,8	1250,3	1356,6	1378,1	1439,8	402,1	409,7	438,5	443,5	447,5	465,6	459,4	461,8	456,9	461,7	474,1	504,0
USLUGI	bln_rub	2012	5926,2	1364,4	1461,3	1503,9	1596,6	435,7	452,0	476,7	476,8	482,4	502,1	503,3	499,0	501,6	515,1	524,9	556,6
USLUGI	bln_rub	2013	6512,3 6762,31)	1515,8 1587,11)	1592,2 1656,01)	1669,9 1730,81)	1734,4 1788,41)	494,9	504,1 530,51)	516,8 543,71)	527,1 555,51)	525,6 543,81)	539,5 556,71)	555,5 575,21)	559,5 580,51)	554,9 575,01)	565,5 582,31)	569,1 584,61)	599,8 621,51)
USLUGI	bln_rub	2014	7302,3	1723,0	1786,5	1852,0	1940,8	559,5	571,9	591,6	599,2	585,4	601,9	611,9	618,6	621,5	628,6	632,0	680,2
USLUGI	bln_rub	2015		1863,2	1894,3			607,6	614,3	641,3	634,8	618,02)	641,5						
CPI	prev	1999	108,4	104,1	102,8	103,0	102,2	101,9	102,8	101,2	101,5	101,4	101,2	101,3
CPI	prev	2000	102,3	101,0	100,6	100,9	101,8	102,6	101,8	101,0	101,3	102,1	101,5	101,6
CPI	prev	2001	102,8	102,3	101,9	101,8	101,8	101,6	100,5	100,0	100,6	101,1	101,4	101,6
CPI	prev	2002	103,1	101,2	101,1	101,2	101,7	100,5	100,7	100,1	100,4	101,1	101,6	101,5
CPI	prev	2003	102,4	101,6	101,1	101,0	100,8	100,8	100,7	99,6	100,3	101,0	101,0	101,1
CPI	prev	2004	101,8	101,0	100,8	101,0	100,7	100,8	100,9	100,4	100,4	101,1	101,1	101,1
CPI	prev	2005	102,6	101,2	101,3	101,1	100,8	100,6	100,5	99,9	100,3	100,6	100,7	100,8
CPI	prev	2006	102,4	101,7	100,8	100,4	100,5	100,3	100,7	100,2	100,1	100,3	100,6	100,8
CPI	prev	2007	101,7	101,1	100,6	100,6	100,6	101,0	100,9	100,1	100,8	101,6	101,2	101,1
CPI	prev	2008	102,3	101,2	101,2	101,4	101,4	101,0	100,5	100,4	100,8	100,9	100,8	100,7
CPI	prev	2009	102,4	101,7	101,3	100,7	100,6	100,6	100,6	100,0	100,0	100,0	100,3	100,4
CPI	prev	2010	101,6	100,9	100,6	100,3	100,5	100,4	100,4	100,6	100,8	100,5	100,8	101,1
CPI	prev	2011	102,4	100,8	100,6	100,4	100,5	100,2	100,0	99,8	100,0	100,5	100,4	100,4
CPI	prev	2012	100,5	100,4	100,6	100,3	100,5	100,9	101,2	100,1	100,6	100,5	100,3	100,5
CPI	prev	2013	101,0	100,6	100,3	100,5	100,7	100,4	100,8	100,1	100,2	100,6	100,6	100,5
CPI	prev	2014	100,6	100,7	101,0	100,9	100,9	100,6	100,5	100,2	100,7	100,8	101,3	102,6
CPI	prev	2015	103,9	102,2	101,2	100,5	100,4	100,2						
CPI	yoy	1999	196,9	203,3	207,6	213,1	216,7	220,7	226,5	221,0	162,0	157,1	150,5	136,5
CPI	yoy	2000	128,9	125,1	122,5	120,0	119,4	120,1	118,9	118,7	118,5	119,4	119,8	120,2
CPI	yoy	2001	120,7	122,2	123,7	124,8	124,8	123,7	122,1	120,9	120,0	118,8	118,6	118,6
CPI	yoy	2002	119,0	117,7	116,8	116,0	115,9	114,7	115,0	115,1	114,9	114,8	115,1	115,1
CPI	yoy	2003	114,3	114,8	114,8	114,6	113,6	113,9	113,9	113,3	113,3	113,2	112,5	112,0
CPI	yoy	2004	111,3	110,6	110,3	110,2	110,2	110,1	110,4	111,3	111,4	111,5	111,7	111,7
CPI	yoy	2005	112,7	113,0	113,6	113,8	113,8	113,7	113,2	112,5	112,3	111,7	111,3	110,9
CPI	yoy	2006	110,7	111,2	110,6	109,8	109,4	109,0	109,3	109,6	109,5	109,2	109,0	109,0
CPI	yoy	2007	108,2	107,6	107,4	107,6	107,8	108,5	108,7	108,6	109,4	110,8	111,5	111,9
CPI	yoy	2008	112,6	112,7	113,3	114,3	115,1	115,1	114,7	115,0	115,0	114,2	113,8	113,3
CPI	yoy	2009	113,4	113,9	114,0	113,2	112,3	111,9	112,0	111,6	110,7	109,7	109,1	108,8
CPI	yoy	2010	108,0	107,2	106,5	106,0	106,0	105,8	105,5	106,1	107,0	107,5	108,1	108,8
CPI	yoy	2011	109,6	109,5	109,5	109,6	109,6	109,4	109,0	108,2	107,2	107,2	106,8	106,1
CPI	yoy	2012	104,2	103,7	103,7	103,6	103,6	104,3	105,6	105,9	106,6	106,5	106,5	106,6
CPI	yoy	2013	107,1	107,3	107,0	107,2	107,4	106,9	106,5	106,5	106,1	106,3	106,5	106,5
CPI	yoy	2014	106,1	106,2	106,9	107,3	107,6	107,8	107,5	107,6	108,0	108,3	109,1	111,4
CPI	yoy	2015	115,0	116,7	116,9	116,4	115,8	115,3						
