date	year	month	CORP_DEBT_bln_rub	CORP_DEBT_overdue	CORP_DEBT_rog	CPI_rog	IND_PROD_rog	IND_PROD_yoy	IND_PROD_ytd	I_bln_rub	I_rog	I_yoy	PROD_AUTO_BUS_units	PROD_AUTO_PSGR_th	PROD_AUTO_TRUCKS_th	PROD_E_TWh	PROD_TRANS_rog	PROD_TRANS_rytd	PROD_TRANS_yoy	PROD_rog	PROD_rytd	PROD_yoy	RETAIL_SALES_bln_rub	RETAIL_SALES_rog	RETAIL_SALES_yoy	RUR_EUR_eop	RUR_USD_eop	TRANS_COM_bln t-km	TRANS_COM_rog	TRANS_COM_yoy	TRANS_RAILLOAD_mln_t	TRANS_RAILLOAD_rog	TRANS_RAILLOAD_yoy	TRANS_bln t-km	TRANS_rog	TRANS_yoy	USLUGI_bln_rub	USLUGI_rog	USLUGI_yoy	Uslugi_bln_rub	Uslugi_rog	Uslugi_yoy	WAGE_rog	WAGE_rub	WAGE_yoy
1999-01-31	1999	1	2347,0	1241,1	100,9	108,4				28,5	42,5	92,2	4394,0	68,8	11,5	84,7							121,8	81,7	84,0	25,79	22,6	277,7	98,8	99,7	70,4	97,0	101,4	283,3	###		28,7	80,5	105,2	28,7	80,5	105,2	78,7	1167,0	115,5
1999-02-28	1999	2	2387,3	1280,6	103,1	104,1				31,8	108,4	93,8	4780,0	79,1	14,0	76,5							122,9	96,9	89,2	25,11	22,86	252,1	90,8	100,2	67,4	106,0	104,5	258,8	91,3		29,5	99,6	101,7	29,5	99,6	101,7	103,2	1199,0	120,0
1999-03-31	1999	3	2551,7	1321,8	103,2	102,8				36,5	111,2	95,1	5312,0	82,5	14,1	81,3							134,3	106,0	91,4	25,94	24,18	291,4	115,6	102,8	77,3	103,6	105,6	299,2	115,6		32,4	107,9	105,7	32,4	107,9	105,7	114,8	1385,0	130,3
1999-04-30	1999	4	2651,3	1358,9	102,8	103,0				36,9	97,2	94,7	5201,0	83,9	14,9	67,8							135,4	97,6	88,9	25,73	24,23	277,1	95,1	104,3	77,6	103,8	108,3	283,8	94,8		32,7	98,0	106,4	32,7	98,0	106,4	103,0	1423,0	136,4
1999-05-31	1999	5	2667,2	1366,3	100,5	102,2				41,4	109,2	99,2	3420,0	77,1	13,8	62,3							138,9	100,2	89,7	25,52	24,44	282,1	101,8	109,1	79,3	98,9	113,0	289,1	101,9		32,8	98,1	106,5	32,8	98,1	106,5	103,4	1472,0	141,1
1999-06-30	1999	6	2699,7	1388,0	101,6	101,9				52,8	124,3	102,9	3792,0	82,4	14,6	56,1							142,2	100,7	91,3	25,07	24,22	271,9	96,4	106,3	77,1	100,4	114,4	279,7	96,8		36,9	108,7	106,5	36,9	108,7	106,5	109,7	1626,0	145,6
1999-07-31	1999	7	2767,3	1404,8	101,2	102,8				56,2	102,6	102,1	4221,0	86,4	14,9	55,8							145,8	100,0	89,2	25,94	24,19	276,2	101,6	107,0	80,4	100,9	117,4	284,2	101,6		39,1	102,8	108,8	39,1	102,8	108,8	99,6	1618,0	147,3
1999-08-31	1999	8	2780,6	1427,4	101,6	101,2				61,8	106,2	101,9	3679,0	76,2	15,1	58,2							157,6	106,5	88,8	25,92	24,75	281,2	101,8	108,9	82,2	102,2	118,3	289,8	101,9		40,5	101,6	110,5	40,5	101,6	110,5	99,3	1608,0	153,1
1999-09-30	1999	9	2855,0	1416,9	99,3	101,5				67,6	104,1	111,1	3400,0	80,6	14,3	63,3							161,2	100,5	92,2	26,46	25,08	275,2	97,9	111,2	81,4	102,3	122,9	283,9	98,0		41,4	100,2	110,6	41,4	100,2	110,6	104,6	1684,0	152,1
1999-10-31	1999	10	2905,4	1435,1	101,3	101,4				66,5	95,1	114,8	2995,0	71,9	15,4	71,8							167,1	102,1	101,9	27,43	26,05	292,8	106,4	106,1	85,2	101,3	116,1	301,0	106,1		41,7	98,6	109,4	41,7	98,6	109,4	101,8	1716,0	153,6
1999-11-30	1999	11	2910,9	1416,3	98,7	101,2				72,0	104,3	112,1	4028,0	79,8	16,4	80,8							170,2	100,5	101,9	26,84	26,42	288,9	98,7	106,5	82,2	99,7	120,7	295,9	98,3		42,3	99,7	106,3	42,3	99,7	106,3	104,2	1789,0	154,3
1999-12-31	1999	12	2900,8	1354,5	95,6	101,3				118,4	161,3	122,6	4799,0	86,3	17,1	87,5							200,0	116,0	105,6	27,23	27,0	305,6	105,8	108,8	86,8	102,2	119,6	312,6	105,6		45,7	106,9	99,4	45,7	106,9	99,4	126,0	2283,0	155,1
2000-01-31	2000	1	2844,5	1351,1	99,8	102,3				46,1	37,4	107,9	3941,0	71,9	13,4	88,9							170,3	83,3	107,6	28,23	28,55	296,6	97,1	106,8	81,2	93,5	115,3	302,9	96,9	106,9	39,8	78,2	106,8	39,8	78,2	106,8	82,8	1830,0	162,6
2000-02-29	2000	2	3063,6	1483,9	109,8	101,0				55,8	116,6	116,1	4026,0	79,7	15,6	81,6							168,1	97,9	108,7	27,44	28,66	286,1	96,5	113,5	82,5	108,7	122,5	293,5	96,9	113,4	39,5	97,0	103,1	39,5	97,0	103,1	100,4	1839,0	158,1
2000-03-31	2000	3	3306,3	1577,0	106,3	100,6				63,9	110,8	115,7	4224,0	87,2	16,1	81,9							179,3	105,9	108,4	27,13	28,46	303,4	106,0	104,1	89,6	101,6	115,9	311,4	106,1	104,1	43,6	109,1	103,4	43,6	109,1	103,4	109,6	2018,0	151,3
2000-04-30	2000	4	3336,9	1598,9	101,4	100,9				64,5	97,9	116,5	4473,0	81,6	16,1	68,4							177,8	98,2	109,1	25,89	28,4	287,5	94,8	103,7	87,7	101,1	112,9	294,5	94,6	103,8	44,2	99,3	104,5	44,2	99,3	104,5	101,1	2039,0	147,9
2000-05-31	2000	5	3331,8	1602,2	100,2	101,8				75,8	114,4	122,1	4504,0	75,3	15,1	65,2							179,8	99,6	108,4	26,19	28,25	293,4	102,0	104,0	88,1	97,3	111,1	300,6	102,1	104,0	44,9	100,6	105,5	44,9	100,6	105,5	102,9	2101,0	146,0
2000-06-30	2000	6	3429,3	1614,1	100,7	102,6				95,7	122,1	120,0	4736,0	81,2	15,2	57,7							185,2	101,1	108,7	26,48	28,07	286,2	97,5	105,3	87,0	102,0	112,9	294,3	97,9	105,2	49,2	107,5	105,5	49,2	107,5	105,5	109,2	2294,0	145,8
2000-07-31	2000	7	3477,6	1647,1	102,0	101,8				99,1	100,0	116,9	4418,0	83,9	15,6	58,7							190,2	101,4	110,2	25,92	27,8	292,0	102,1	105,7	85,8	95,5	106,8	300,9	102,2	105,8	52,8	103,8	105,9	52,8	103,8	105,9	100,6	2302,0	146,4
2000-08-31	2000	8	3424,5	1631,1	99,0	101,0				112,9	111,2	122,5	4909,0	86,6	16,6	60,4							202,6	105,6	109,3	24,74	27,75	290,0	99,3	103,1	87,2	101,6	106,1	299,4	99,5	103,3	55,0	101,4	106,3	55,0	101,4	106,3	99,5	2289,0	146,3
2000-09-30	2000	9	3553,1	1631,9	100,1	101,3				118,3	101,7	119,6	4846,0	84,8	14,8	64,5							205,6	100,1	108,8	24,42	27,75	285,8	98,5	103,8	86,2	102,2	105,9	295,5	98,7	104,1	55,1	97,4	103,4	55,1	97,4	103,4	103,4	2367,0	144,6
2000-10-31	2000	10	3566,4	1623,5	99,5	102,1				114,6	94,0	118,2	5431,0	87,0	16,1	76,9							214,3	102,2	109,0	23,42	27,83	307,8	107,7	105,1	91,3	102,4	107,1	316,9	107,3	105,3	56,8	100,8	107,3	56,8	100,8	107,3	102,6	2425,0	145,6
2000-11-30	2000	11	3564,2	1611,3	99,2	101,5				123,0	104,6	118,5	4327,0	80,0	15,6	83,4							220,5	101,4	109,9	23,88	27,85	302,1	98,2	104,6	89,7	101,6	109,2	309,9	97,8	104,7	58,4	101,1	106,7	58,4	101,1	106,7	103,4	2508,0	143,0
2000-12-31	2000	12	3515,0	1571,5	97,5	101,6				195,5	154,3	113,4	4166,0	69,8	14,2	90,2							258,6	115,6	109,4	26,14	28,16	311,0	102,9	101,8	90,3	97,4	104,0	318,5	102,8	101,9	63,5	107,2	99,3	63,5	107,2	99,3	120,7	3025,0	136,3
2001-01-31	2001	1	3756,9	1588,8	101,1	102,8				66,7	35,7	109,4	3306,0	76,2	11,6	90,6							214,4	81,2	106,6	26,0	28,37	301,0	96,8	101,5	82,1	91,0	101,2	307,4	96,5	101,5	54,9	82,3	104,7	54,9	82,3	104,7	90,8	2733,0	149,3
2001-02-28	2001	2	3919,5	1634,0	102,8	102,3				77,4	113,6	106,6	4227,0	79,7	13,5	82,2							216,4	99,2	108,0	26,22	28,72	280,7	93,3	98,1	79,9	107,7	96,8	288,0	93,7	98,1	54,8	96,6	104,4	54,8	96,6	104,4	97,1	2655,0	144,4
2001-03-31	2001	3	4064,4	1625,6	99,5	101,9				86,2	109,8	105,6	3886,0	89,8	15,5	83,3							234,4	106,7	108,9	25,29	28,74	311,0	110,8	102,5	91,7	103,6	102,3	319,5	110,9	102,6	59,0	105,0	100,6	59,0	105,0	100,6	111,8	2964,0	147,0
2001-04-30	2001	4	4118,0	1655,2	101,8	101,8				87,9	100,5	108,4	4201,0	87,2	15,8	71,3							237,7	100,0	111,0	25,67	28,83	299,1	96,2	104,0	88,5	99,7	100,9	306,7	96,0	104,1	61,9	102,4	103,7	61,9	102,4	103,7	98,4	2923,0	144,3
2001-05-31	2001	5	4185,4	1656,9	100,1	101,8				106,1	119,1	112,8	3501,0	81,0	11,9	64,7							244,0	101,1	112,8	24,87	29,09	307,7	102,9	104,9	89,3	97,7	101,3	315,3	102,8	104,9	63,5	101,2	104,5	63,5	101,2	104,5	104,5	3054,0	145,8
2001-06-30	2001	6	4232,2	1666,0	100,5	101,6				124,8	116,5	107,7	4530,0	82,4	11,7	59,1							247,9	100,4	112,0	24,57	29,07	297,3	96,6	103,9	87,3	101,0	100,3	305,8	97,0	103,9	68,8	105,7	103,0	68,8	105,7	103,0	107,4	3284,0	144,3
2001-07-31	2001	7	4331,6	1715,6	103,0	100,5				127,7	101,3	109,1	4765,0	85,8	11,8	60,1							250,5	100,9	111,4	25,6	29,27	299,4	100,7	102,5	88,9	98,6	103,6	308,9	101,0	102,7	72,2	103,3	102,4	72,2	103,3	102,4	102,4	3364,0	146,9
2001-08-31	2001	8	4287,4	1685,9	98,3	100,0				144,2	111,8	109,7	5556,0	90,4	14,5	61,7							266,3	106,3	112,2	26,67	29,37	302,5	101,0	104,3	90,7	102,0	104,1	312,9	101,3	104,5	74,0	100,9	102,1	74,0	100,9	102,1	100,3	3376,0	148,4
2001-09-30	2001	9	4354,1	1671,4	99,1	100,6				149,2	102,7	110,8	5855,0	84,0	16,8	64,4							266,5	99,6	111,6	26,86	29,39	299,9	99,1	104,9	89,1	101,5	103,3	310,5	99,2	105,1	73,1	96,3	101,1	73,1	96,3	101,1	100,7	3405,0	145,0
2001-10-31	2001	10	4340,0	1638,9	98,1	101,1				144,7	95,3	112,4	5783,0	95,9	18,7	78,5							277,8	103,1	112,7	26,87	29,7	326,9	109,0	106,2	93,6	101,7	103,3	336,7	108,4	106,3	74,6	100,8	100,8	74,6	100,8	100,8	103,3	3515,0	145,6
2001-11-30	2001	11	4346,6	1639,0	100,0	101,4				150,2	102,5	110,2	5758,0	85,5	15,6	82,5							283,8	100,9	112,2	26,52	29,9	313,7	96,0	103,8	90,4	99,7	100,7	322,2	95,7	104,0	75,5	99,9	99,2	75,5	99,9	99,2	101,8	3578,0	143,3
2001-12-31	2001	12	4230,7	1560,1	95,2	101,6				239,6	158,0	112,8	5138,0	83,2	15,2	92,8							330,3	114,7	111,3	26,49	30,14	311,3	99,2	100,1	85,9	91,9	95,1	319,6	99,2	100,4	79,4	104,2	96,2	79,4	104,2	96,2	126,7	4541,0	150,9
2002-01-31	2002	1	4067,1	1447,2	92,8	103,1	92,7	103,7	103,7	78,1	32,0	100,1	5069,0	76,2	12,3	89,3							270,9	80,4	110,2	26,55	30,69	311,4	100,1	103,5	77,6	90,4	94,5	318,4	99,6	103,6	75,6	88,9	103,8	75,6	88,9	103,8	83,2	3760,0	137,7
2002-02-28	2002	2	4265,4	1473,6	101,8	101,2	95,8	102,9	103,3	89,6	113,6	100,1	6073,0	84,4	13,0	77,8							268,0	98,1	109,1	26,71	30,93	297,9	95,6	106,1	80,1	114,3	100,2	305,8	96,1	106,2	76,0	98,4	105,6	76,0	98,4	105,6	99,1	3725,0	140,7
2002-03-31	2002	3	4644,1	1516,6	102,9	101,1	108,8	102,6	103,1	102,4	113,4	103,4	5879,0	87,9	13,4	80,0							289,1	107,3	109,7	27,15	31,12	328,0	110,1	105,5	90,3	101,8	98,5	336,9	110,2	105,5	80,5	103,3	104,1	80,5	103,3	104,1	108,3	4031,0	136,2
2002-04-30	2002	4	4675,3	1511,5	99,7	101,2	96,2	103,7	103,2	104,0	100,8	103,7	5403,0	94,2	15,8	71,9							293,6	100,3	109,9	28,15	31,2	315,6	96,2	105,5	88,8	101,6	100,4	323,7	96,1	105,5	84,0	102,5	104,6	84,0	102,5	104,6	101,9	4110,0	140,7
2002-05-31	2002	5	4636,8	1502,7	99,4	101,7	95,5	99,5	102,5	125,1	118,7	103,3	4565,0	80,8	11,8	64,6							291,9	97,8	106,4	29,33	31,31	323,5	102,5	105,1	91,0	99,2	101,9	331,4	102,4	105,1	85,2	100,6	104,1	85,2	100,6	104,1	101,8	4187,0	137,1
2002-06-30	2002	6	4908,3	1512,8	100,7	100,5	101,5	102,1	102,4	147,3	116,7	103,5	4656,0	87,2	14,2	59,5							298,7	101,8	107,9	31,08	31,45	312,0	96,5	105,0	90,2	102,4	103,3	321,2	96,9	105,0	89,8	103,9	102,5	89,8	103,9	102,5	106,5	4460,0	135,9
2002-07-31	2002	7	4858,8	1504,0	99,4	100,7	104,7	105,6	102,9	152,2	101,9	104,1	5165,0	90,7	13,8	60,8							311,1	103,6	110,7	30,8	31,44	321,3	103,0	107,3	93,1	100,0	104,7	331,4	103,2	107,3	94,2	103,4	102,7	94,2	103,4	102,7	102,9	4597,0	136,8
2002-08-31	2002	8	4840,5	1490,6	99,1	100,1	101,1	105,3	103,2	167,0	109,0	101,5	5826,0	95,5	14,9	62,7							325,3	104,7	109,1	31,09	31,57	321,7	100,2	106,4	95,4	102,5	105,2	332,7	100,4	106,3	96,8	101,2	103,0	96,8	101,2	103,0	98,1	4511,0	133,7
2002-09-30	2002	9	4974,6	1478,4	99,2	100,4	99,6	104,3	103,3	175,3	104,0	102,8	5991,0	88,9	15,7	66,3							327,1	100,4	110,0	30,91	31,64	322,0	100,1	107,4	93,3	101,0	104,7	333,2	100,1	107,3	97,3	97,6	104,4	97,3	97,6	104,4	100,2	4521,0	132,9
2002-10-31	2002	10	4937,3	1466,5	99,2	101,1	107,0	103,2	103,3	169,1	95,7	103,2	5870,0	82,2	17,3	79,5							340,5	103,3	110,1	31,18	31,74	341,7	106,1	104,5	97,2	100,9	103,9	351,8	105,6	104,5	98,9	99,2	102,4	98,9	99,2	102,4	102,8	4646,0	132,4
2002-11-30	2002	11	4869,5	1457,4	99,4	101,6	96,7	100,7	103,0	174,3	102,3	102,9	5807,0	55,8	15,2	82,9							347,2	100,6	109,7	31,67	31,84	331,2	96,9	105,6	94,2	100,1	104,3	339,7	96,6	105,4	101,3	100,6	102,8	101,3	100,6	102,8	101,2	4694,0	131,6
2002-12-31	2002	12	4832,3	1432,8	98,3	101,5	105,9	104,0	103,1	278,0	158,4	103,2	6388,0	56,9	15,2	96,0							402,0	114,3	109,3	33,11	31,78	341,7	103,2	109,8	92,5	95,0	107,7	350,2	103,1	109,5	108,4	106,1	104,5	108,4	106,1	104,5	122,3	5738,0	126,8
2003-01-31	2003	1	4664,8	1355,0	94,6	102,4	93,4	105,4	105,4	93,8	33,5	107,9	5557,0	53,4	12,6	92,2							329,5	80,5	109,4	34,44	31,82	340,2	99,6	109,2	86,8	93,8	111,8	347,6	99,3	109,2	101,1	90,3	105,9	101,1	90,3	105,9	82,5	4696,0	125,9
2003-02-28	2003	2	4737,9	1339,6	98,9	101,6	98,8	108,3	106,8	110,6	117,0	111,1	5996,0	61,9	13,6	82,7							327,2	98,3	109,6	34,05	31,58	315,7	92,8	106,0	85,7	109,3	107,0	323,6	93,1	105,8	102,7	98,8	106,5	102,7	98,8	106,5	100,1	4701,0	127,1
2003-03-31	2003	3	5035,2	1342,3	100,2	101,1	110,7	109,5	107,7	125,6	113,2	110,9	5810,0	85,8	16,2	85,7							357,2	108,2	110,6	33,59	31,38	353,1	111,9	107,6	96,8	102,1	107,3	361,7	111,8	107,4	108,9	104,7	108,0	108,9	104,7	108,0	105,9	4986,0	124,3
2003-04-30	2003	4	5048,7	1348,3	100,4	101,0	97,2	110,2	108,3	129,9	102,3	112,6	6740,0	93,1	17,1	75,3							356,8	99,1	109,4	34,14	31,1	336,5	95,3	106,6	95,1	101,5	107,1	344,7	95,3	106,5	111,5	100,9	106,5	111,5	100,9	106,5	102,2	5100,0	124,2
2003-05-31	2003	5	5067,0	1363,1	101,1	100,8	95,3	110,4	108,7	158,8	121,2	114,9	5174,0	80,8	14,1	67,0							355,6	99,0	110,7	36,47	30,71	347,7	103,3	107,5	98,2	100,0	108,0	355,8	103,2	107,4	113,5	100,4	106,7	113,5	100,4	106,7	102,3	5221,0	125,0
2003-06-30	2003	6	5267,2	1371,1	100,6	100,8	100,7	109,1	108,8	181,9	113,6	111,8	5969,0	85,4	16,1	61,7							359,5	100,5	109,3	34,71	30,35	339,8	97,7	108,9	97,6	102,6	108,2	349,1	98,1	108,7	119,2	103,6	106,7	119,2	103,6	106,7	106,3	5550,0	124,8
2003-07-31	2003	7	5152,1	1331,8	97,1	100,7	103,7	108,0	108,7	185,8	101,5	111,4	6873,0	92,0	17,0	63,3							371,1	102,7	108,4	34,63	30,26	346,5	102,0	107,9	99,4	99,3	106,8	356,7	102,2	107,7	125,8	102,8	106,1	125,8	102,8	106,1	101,3	5615,0	122,8
2003-08-31	2003	8	5168,8	1343,8	100,9	99,6	99,1	105,7	108,3	204,8	109,3	111,6	6418,0	94,2	17,0	64,8							382,2	103,0	106,6	33,2	30,5	350,2	101,0	108,8	100,4	101,0	105,2	361,2	101,2	108,6	124,6	98,0	102,7	124,6	98,0	102,7	97,9	5491,0	122,5
2003-09-30	2003	9	5428,2	1371,1	102,0	100,3	102,8	109,1	108,4	216,9	104,7	112,4	6601,0	97,9	17,4	68,1							389,2	101,2	107,5	35,08	30,61	342,5	97,8	106,3	98,6	101,5	105,7	354,2	98,1	106,3	127,4	101,5	106,8	127,4	101,5	106,8	101,2	5556,0	123,7
2003-10-31	2003	10	5387,8	1368,8	99,8	101,0	105,6	107,9	108,3	209,6	95,8	112,5	6377,0	97,3	19,7	79,2							406,9	103,4	107,7	34,87	29,86	367,4	107,3	107,5	102,9	101,0	105,8	378,2	106,8	107,5	128,4	99,9	107,5	128,4	99,9	107,5	105,6	5864,0	126,9
2003-11-30	2003	11	5315,3	1373,6	100,3	101,0	97,3	109,0	108,4	216,2	102,4	112,6	6612,0	82,0	16,7	84,5							413,2	100,6	107,6	35,5	29,74	357,8	97,4	108,0	99,7	100,1	105,8	366,9	97,0	108,0	128,8	100,0	106,7	128,8	100,0	106,7	102,1	5990,0	128,3
2003-12-31	2003	12	5283,2	1306,1	95,1	101,1	110,2	113,6	108,9	352,5	161,8	115,0	8101,0	87,7	15,5	91,7							481,3	115,4	108,8	36,82	29,45	373,6	104,4	109,3	99,6	96,7	107,7	382,8	104,3	109,3	138,8	106,6	107,2	138,8	106,6	107,2	122,6	7344,0	128,4
2004-01-31	2004	1	4897,8	1207,8	92,5	101,8	88,2	107,6	107,6	124,1	35,0	117,5	5179,0	78,0	14,9	91,6							399,6	82,1	110,8	35,36	28,49	362,8	97,1	106,7	94,3	94,6	108,6	370,7	96,9	106,7	126,9	89,3	105,8	126,9	89,3	105,8	80,1	5932,0	124,8
2004-02-29	2004	2	5092,0	1202,6	99,6	101,0	101,6	110,7	109,1	149,9	119,1	119,6	5608,0	83,7	15,8	84,8							400,6	99,4	112,1	35,51	28,52	345,5	95,2	109,5	93,2	105,8	108,8	353,8	95,4	109,3	128,6	100,2	107,1	128,6	100,2	107,1	103,3	6141,0	129,1
2004-03-31	2004	3	5433,1	1187,4	98,7	100,8	107,6	107,5	108,6	168,2	111,8	118,1	6146,0	96,4	18,5	85,3							437,1	108,4	112,2	34,8	28,49	377,6	109,3	107,0	101,9	102,3	105,3	386,7	109,3	106,9	137,9	106,5	109,0	137,9	106,5	109,0	104,7	6428,0	127,6
2004-04-30	2004	4	5340,0	1181,3	99,5	101,0	96,5	106,7	108,1	170,7	100,4	116,0	6822,0	97,6	18,4	76,3							439,1	99,7	112,8	34,14	28,88	367,4	97,3	109,2	99,5	100,9	104,7	376,0	97,2	109,1	140,2	99,8	107,8	140,2	99,8	107,8	100,4	6448,0	125,5
2004-05-31	2004	5	5355,0	1166,0	98,7	100,7	96,2	107,7	108,0	209,2	120,8	115,7	5863,0	84,5	16,3	68,8							439,1	99,3	113,0	35,61	28,99	372,6	101,4	107,1	103,3	100,5	105,1	381,1	101,4	107,1	141,2	99,5	107,0	141,2	99,5	107,0	101,1	6524,0	124,2
2004-06-30	2004	6	5671,8	1153,5	98,9	100,8	103,2	110,4	108,4	246,4	116,4	118,6	6561,0	95,6	16,6	63,9							444,0	100,2	112,7	35,29	29,03	359,2	96,4	105,7	101,3	101,4	103,8	369,1	96,9	105,7	148,8	104,5	108,0	148,8	104,5	108,0	107,3	7003,0	125,3
2004-07-31	2004	7	5625,3	1146,0	99,4	100,9	100,9	107,4	108,3	236,8	94,9	110,9	6918,0	101,0	19,2	64,8							463,5	103,6	113,6	35,05	29,1	367,3	102,3	106,0	104,0	99,3	104,6	378,0	102,4	106,0	155,9	103,7	109,3	155,9	103,7	109,3	99,7	6982,0	123,3
2004-08-31	2004	8	5701,3	1151,8	100,5	100,4	102,1	110,7	108,6	270,5	112,8	114,4	7226,0	98,4	18,3	66,6							479,2	103,0	113,7	35,15	29,24	374,0	101,8	106,8	104,9	100,9	104,5	385,3	101,9	106,7	157,7	100,2	112,0	157,7	100,2	112,0	98,6	6873,0	124,2
2004-09-30	2004	9	5936,5	1150,1	99,9	100,4	99,3	106,9	108,4	276,0	100,8	110,1	7507,0	104,0	17,0	69,0							487,8	101,1	113,5	35,99	29,22	366,6	98,0	107,1	103,4	101,9	104,9	378,4	98,2	106,8	159,9	100,7	111,1	159,9	100,7	111,1	100,7	6918,0	123,5
2004-10-31	2004	10	5889,1	1171,3	101,8	101,1	103,2	104,6	108,0	264,9	94,2	108,2	6546,0	92,3	13,7	81,1							512,7	104,0	114,2	36,65	28,77	384,7	104,9	104,7	108,0	101,0	104,9	395,8	104,6	104,7	158,7	97,2	107,8	158,7	97,2	107,8	99,9	6908,0	116,7
2004-11-30	2004	11	5901,6	1155,4	98,6	101,1	101,5	109,1	108,1	290,9	108,5	114,7	5613,0	88,8	16,4	85,0							525,4	101,4	115,0	37,42	28,24	377,7	98,2	105,6	104,0	99,5	104,3	387,5	97,9	105,6	160,9	100,3	108,1	160,9	100,3	108,1	102,0	7046,0	116,5
2004-12-31	2004	12	5943,8	1122,2	97,1	101,1	107,9	106,9	108,0	457,4	156,3	110,8	5735,0	89,7	15,0	94,7							614,4	115,6	115,1	37,81	27,75	385,9	102,2	103,3	103,1	95,9	103,5	395,7	102,1	103,4	173,1	106,3	107,6	173,1	106,3	107,6	124,9	8799,0	118,8
2005-01-31	2005	1	5709,9	1027,2	91,5	102,6	85,2	103,2	103,2	148,1	32,0	103,5	3212,0	64,4	8,8	91,4							485,8	78,5	110,1	36,63	28,08	377,7	97,9	104,1	97,3	94,4	103,3	386,0	97,5	104,1	151,5	82,8	101,3	151,5	82,8	101,3	83,0	7346,0	122,7
2005-02-28	2005	2	5920,5	1061,5	103,3	101,2	104,6	106,2	104,7	184,5	123,3	107,2	6067,0	84,6	15,5	86,6							488,9	99,9	110,6	36,63	27,77	348,4	92,2	100,8	94,9	108,0	101,8	357,7	92,7	101,1	157,5	102,3	102,9	157,5	102,3	102,9	101,6	7465,0	120,5
2005-03-31	2005	3	6311,7	1045,4	98,5	101,3	106,6	105,2	104,9	207,9	112,3	107,7	6163,0	95,3	17,3	89,4							536,5	108,6	110,9	36,06	27,83	386,5	110,9	102,4	107,1	101,9	105,0	397,1	111,0	102,7	172,6	108,5	104,9	172,6	108,5	104,9	108,5	8093,0	124,6
2005-04-30	2005	4	6214,5	1023,3	97,9	101,1	96,2	104,9	104,9	212,6	101,5	108,9	7008,0	92,3	17,1	77,6							553,3	102,0	113,5	36,01	27,77	373,2	96,6	101,6	105,0	101,3	105,5	383,1	96,5	101,9	178,7	102,8	107,5	178,7	102,8	107,5	99,0	8002,0	122,6
2005-05-31	2005	5	6275,5	1059,5	103,5	100,8	94,6	103,2	104,5	250,6	116,4	104,9	5359,0	79,2	15,6	70,0							559,7	100,1	114,4	35,2	28,09	387,4	103,8	104,0	106,8	98,5	103,4	397,1	103,6	104,2	183,8	102,1	110,6	183,8	102,1	110,6	101,0	8089,0	122,6
2005-06-30	2005	6	6631,7	1062,5	100,3	100,6	106,2	106,3	104,8	313,1	123,4	111,1	7019,0	85,4	18,9	64,7							561,9	99,5	113,6	34,52	28,67	369,2	95,3	102,8	104,7	101,3	103,4	380,3	95,8	103,0	192,1	103,5	109,6	192,1	103,5	109,6	107,2	8637,0	122,3
2005-07-31	2005	7	6556,2	1071,2	100,8	100,5	99,7	105,0	104,9	306,5	97,0	113,6	6381,0	88,0	18,3	66,9							580,8	102,9	112,8	34,72	28,63	371,4	100,6	101,1	106,9	98,8	102,8	383,5	100,9	101,5	198,2	102,2	108,1	198,2	102,2	108,1	100,0	8651,0	122,6
2005-08-31	2005	8	6588,4	1077,3	100,6	99,9	102,1	104,9	104,9	336,8	108,3	109,1	6433,0	94,9	19,5	69,0							600,8	103,3	113,2	34,88	28,55	379,9	102,3	101,6	109,1	102,1	104,0	392,0	102,2	101,7	200,7	100,5	108,5	200,7	100,5	108,5	100,5	8616,0	123,9
2005-09-30	2005	9	6880,7	1026,4	95,3	100,3	100,6	106,3	105,0	350,3	103,2	111,7	5717,0	99,3	19,9	71,0							615,2	101,7	113,8	34,38	28,5	374,0	98,4	102,0	109,4	103,6	105,7	386,0	98,5	102,0	200,8	98,9	106,5	200,8	98,9	106,5	102,5	8829,0	126,1
2005-10-31	2005	10	6721,7	1038,4	101,2	100,6	102,7	105,7	105,1	332,4	93,8	111,3	7272,0	91,3	19,5	82,2							638,9	103,2	113,0	34,53	28,42	396,3	106,0	102,9	114,1	101,0	105,7	407,5	105,4	102,8	200,6	98,9	108,2	200,6	98,9	108,2	98,7	8701,0	124,9
2005-11-30	2005	11	6750,6	1017,9	98,0	100,7	102,1	106,3	105,2	382,5	114,3	117,2	8459,0	90,9	17,9	87,6							648,3	100,8	112,3	33,99	28,73	385,4	97,2	102,1	109,8	99,5	105,6	395,0	97,1	102,0	207,2	102,4	110,5	207,2	102,4	110,5	102,6	8931,0	125,8
2005-12-31	2005	12	6389,3	956,4	94,0	100,8	105,9	104,3	105,1	585,8	152,3	114,2	9145,0	103,0	16,7	96,7							771,4	118,2	114,9	34,19	28,78	400,4	103,9	103,6	107,9	95,1	104,7	410,1	103,6	103,5	221,0	105,6	109,1	221,0	105,6	109,1	126,7	11319,0	127,5
2006-01-31	2006	1	6054,5	912,2	95,4	102,4	85,6	104,8	104,8	176,3	30,0	106,6	4805,0	68,5	11,9	99,6							594,6	76,2	111,5	34,04	28,12	376,6	94,1	99,7	98,4	91,2	100,7	384,5	93,7	99,6	190,1	82,1	107,9	190,1	82,1	107,9	78,7	9016,0	121,9
2006-02-28	2006	2	6250,4	906,6	99,4	101,7	101,1	101,3	103,0	217,5	121,5	105,0	7116,0	86,0	17,8	90,1							599,7	99,3	110,8	33,33	28,12	359,1	95,3	103,1	95,5	107,4	100,5	368,5	95,8	103,0	195,5	101,7	107,0	195,5	101,7	107,0	102,7	9255,0	123,1
2006-03-31	2006	3	6758,6	903,5	99,7	100,8	111,5	106,0	104,1	264,6	121,6	113,7	7342,0	101,0	20,4	91,2							662,9	109,8	112,0	33,47	27,76	398,9	111,1	103,2	109,7	103,7	102,3	410,4	111,3	103,3	214,4	108,6	107,1	214,4	108,6	107,1	107,1	9914,0	121,7
2006-04-30	2006	4	6667,6	918,3	101,6	100,4	94,6	104,2	104,1	267,8	100,7	112,8	6996,0	95,6	21,2	80,6							678,8	102,1	112,1	34,19	27,27	381,6	95,7	102,3	109,5	103,1	104,1	391,7	95,4	102,2	218,1	101,1	105,6	218,1	101,1	105,6	99,3	9833,0	121,9
2006-05-31	2006	5	6819,1	935,2	101,8	100,5	100,7	110,9	105,4	340,6	125,7	121,9	6510,0	98,5	19,1	74,3							689,0	101,1	113,3	34,64	26,98	400,0	104,8	103,3	112,4	99,4	105,2	410,1	104,7	103,3	228,1	103,9	107,5	228,1	103,9	107,5	104,2	10257,0	125,8
2006-06-30	2006	6	7374,6	935,7	100,1	100,3	100,5	104,9	105,3	409,2	119,3	117,8	8177,0	103,0	21,4	68,2							700,3	101,4	115,5	33,98	27,08	381,1	95,3	103,2	108,5	99,7	103,6	391,9	95,6	103,0	243,2	105,8	110,0	243,2	105,8	110,0	108,3	11106,0	127,3
2006-07-31	2006	7	7420,0	923,7	98,7	100,7	101,3	106,5	105,5	381,5	92,1	111,8	8053,0	96,0	20,3	70,6							725,6	103,1	115,8	34,11	26,87	393,4	103,2	105,9	112,2	100,0	104,9	405,0	103,3	105,6	246,4	100,6	108,3	246,4	100,6	108,3	98,5	10883,0	125,7
2006-08-31	2006	8	7476,6	967,6	104,8	100,2	103,6	108,2	105,8	437,6	113,0	116,7	8042,0	102,0	22,8	73,2							751,7	103,1	115,5	34,31	26,74	397,0	100,9	104,5	113,5	101,2	104,1	407,8	100,7	104,0	247,5	99,6	107,5	247,5	99,6	107,5	99,9	10853,0	124,9
2006-09-30	2006	9	7844,7	974,6	100,7	100,1	99,4	106,8	106,0	468,2	105,4	119,3	8358,0	107,0	22,0	74,0							760,0	100,8	114,6	33,98	26,78	384,9	97,0	102,9	111,8	101,8	102,2	396,5	97,2	102,7	246,0	99,2	107,9	246,0	99,2	107,9	102,5	11127,0	125,0
2006-10-31	2006	10	7537,5	894,3	91,8	100,3	104,4	108,6	106,2	462,9	97,4	123,8	8135,0	111,0	23,9	86,5							793,5	104,1	115,5	34,03	26,75	396,7	103,1	100,1	116,1	100,5	101,7	408,8	103,1	100,3	251,2	101,6	110,8	251,2	101,6	110,8	99,5	11046,0	125,7
2006-11-30	2006	11	7721,7	892,6	99,8	100,6	100,9	107,3	106,3	508,6	108,5	117,6	8518,0	107,0	22,8	90,9							798,9	100,1	114,9	34,68	26,31	392,1	98,8	101,7	110,9	98,7	101,0	402,1	98,4	101,8	254,7	100,8	109,1	254,7	100,8	109,1	102,4	11303,0	125,5
2006-12-31	2006	12	7696,8	821,3	92,0	100,8	104,2	105,6	106,3	795,2	155,3	120,0	6603,0	102,0	21,8	96,6							956,9	119,1	115,7	34,7	26,33	413,5	105,5	103,3	112,7	98,3	104,5	422,5	105,1	103,0	263,2	102,5	105,6	263,2	102,5	105,6	126,2	14263,0	124,6
2007-01-31	2007	1	7548,8	786,2	95,7	101,7	88,9	109,7	109,7	255,3	31,7	127,6	5157,0	85,8	18,4	95,0							727,7	75,6	114,7	34,39	26,53	400,0	96,7	106,2	107,2	95,1	108,9	408,1	96,6	106,1	237,9	87,2	112,2	237,9	87,2	112,2	80,9	11430,0	127,3
2007-02-28	2007	2	7914,8	840,4	106,9	101,1	98,8	107,1	108,4	298,0	115,3	121,1	6851,0	97,8	21,2	89,9							728,5	99,5	115,0	34,52	26,16	368,7	92,2	102,7	101,3	104,6	106,1	378,0	92,6	102,6	241,6	98,1	107,8	241,6	98,1	107,8	102,8	11757,0	127,8
2007-03-31	2007	3	8602,0	871,9	103,8	100,6	111,1	106,8	107,8	344,3	115,2	114,7	7051,0	106,0	24,8	90,9							801,6	109,5	114,6	34,69	26,01	404,0	109,6	101,3	114,2	101,8	104,2	415,0	109,8	101,1	260,9	107,3	106,5	260,9	107,3	106,5	106,0	12448,0	126,9
2007-04-30	2007	4	8514,9	856,0	98,2	100,6	94,7	106,9	107,6	364,5	104,8	119,4	6547,0	106,0	24,7	81,6							826,3	102,5	115,1	35,07	25,69	390,3	96,6	102,3	111,4	100,7	101,8	400,3	96,5	102,2	267,4	101,9	107,3	267,4	101,9	107,3	100,3	12494,0	127,8
2007-05-31	2007	5	8759,1	859,4	100,4	100,6	100,7	106,9	107,5	472,2	127,5	121,1	6431,0	112,0	21,3	77,4							847,1	101,9	115,9	34,82	25,9	417,4	107,0	104,4	114,7	99,7	102,0	426,9	106,6	104,1	281,0	104,4	107,9	281,0	104,4	107,9	102,4	12787,0	125,4
2007-06-30	2007	6	9567,8	857,9	99,8	101,0	100,9	107,3	107,4	577,7	120,9	122,7	7317,0	101,0	22,9	70,8							869,2	101,7	116,3	34,72	25,82	386,7	92,6	101,5	109,4	98,6	100,9	397,9	93,2	101,5	294,1	103,8	106,0	294,1	103,8	106,0	107,3	13712,0	124,7
2007-07-31	2007	7	9494,2	858,4	100,1	100,9	103,0	109,1	107,7	543,1	92,5	123,2	7043,0	109,0	24,0	72,5							903,2	103,0	116,2	34,93	25,6	397,9	102,9	101,2	112,3	99,3	100,1	409,7	103,0	101,2	299,6	101,2	106,5	299,6	101,2	106,5	98,9	13546,0	125,3
2007-08-31	2007	8	9569,3	855,6	99,7	100,1	101,0	106,4	107,5	584,2	105,6	115,1	6822,0	112,0	22,8	74,9							942,5	104,2	117,4	35,01	25,65	393,2	98,8	99,0	113,5	101,1	100,0	405,1	98,9	99,3	298,8	99,2	106,1	298,8	99,2	106,1	98,0	13270,0	122,9
2007-09-30	2007	9	10309,1	887,1	103,7	100,8	97,9	104,8	107,2	616,8	103,7	113,2	8089,0	109,0	24,9	77,0							953,5	100,3	116,8	35,35	24,95	389,9	99,2	101,3	112,4	102,3	100,5	401,5	99,1	101,3	295,1	98,7	105,6	295,1	98,7	105,6	103,1	13677,0	123,9
2007-10-31	2007	10	10268,2	873,9	98,5	101,6	105,2	105,7	107,0	684,7	109,0	126,7	8186,0	125,0	27,3	87,9							1004,2	103,3	115,9	35,59	24,72	405,6	104,0	102,2	117,5	108,1	101,2	417,0	103,9	102,0	302,3	102,5	106,5	302,3	102,5	106,5	102,4	13986,0	127,3
2007-11-30	2007	11	10538,0	869,2	99,5	101,2	101,3	106,1	106,9	740,4	106,6	124,5	9000,0	116,0	25,9	94,9							1023,4	100,6	116,5	36,04	24,35	405,9	100,1	103,5	113,6	99,9	102,4	416,3	99,8	103,5	307,0	100,9	106,6	307,0	100,9	106,6	104,8	14656,0	130,2
2007-12-31	2007	12	10652,8	832,5	95,8	101,1	103,1	105,0	106,8	1235,0	164,9	132,1	10368,0	115,0	26,8	102,0							1241,8	120,3	117,7	35,93	24,55	428,7	105,6	103,7	116,5	106,0	103,4	439,4	105,6	104,0	321,3	103,5	107,6	321,3	103,5	107,6	126,9	18591,0	130,2
2008-01-31	2008	1	10105,1	788,4	94,7	102,3	90,4	106,7	106,7	364,3	29,0	120,9	4370,0	90,0	17,7	103,0							944,1	75,1	117,0	36,17	24,48	414,1	96,6	103,5	111,8	96,0	104,3	422,4	96,1	103,5	288,6	84,0	105,5	288,6	84,0	105,5	78,8	14771,0	127,5
2008-02-29	2008	2	10989,9	816,8	103,6	101,2	100,1	108,1	107,4	447,3	120,3	126,1	6162,0	120,0	23,8	94,5							964,3	101,1	118,8	36,41	24,12	395,9	95,6	107,4	108,9	104,1	107,4	405,0	95,9	107,2	297,9	101,7	109,9	297,9	101,7	109,9	104,1	15354,0	128,6
2008-03-31	2008	3	11537,3	837,8	102,6	101,2	106,4	103,5	106,0	503,0	112,3	123,0	6613,0	122,0	24,8	93,5							1049,4	107,4	116,6	37,07	23,52	424,4	107,2	105,0	119,1	102,3	104,2	434,8	107,4	104,8	313,7	104,6	106,9	313,7	104,6	106,9	105,4	16172,0	127,9
2008-04-30	2008	4	11417,4	820,0	97,9	101,4	96,7	105,7	105,9	544,1	106,5	125,0	6870,0	138,0	27,7	83,8							1076,9	101,1	115,0	36,89	23,65	411,0	96,9	105,3	115,4	100,1	103,6	421,1	96,8	105,2	323,5	102,1	107,2	323,5	102,1	107,2	102,4	16538,0	131,0
2008-05-31	2008	5	11821,3	851,8	103,9	101,4	99,5	104,5	105,6	672,2	121,5	119,1	6174,0	129,0	24,4	80,0							1115,8	102,2	115,4	36,78	23,74	421,1	102,4	100,9	114,9	96,4	100,2	430,8	102,3	100,9	331,4	101,3	104,0	331,4	101,3	104,0	100,7	16643,0	128,9
2008-06-30	2008	6	12741,8	863,7	101,4	101,0	99,2	102,8	105,2	775,2	113,2	111,6	6004,0	125,0	25,1	73,7							1139,0	101,2	114,8	36,91	23,46	398,2	94,6	103,0	107,5	96,7	98,2	409,1	95,0	102,8	351,8	104,7	104,9	351,8	104,7	104,9	106,4	17715,0	127,9
2008-07-31	2008	7	12653,9	833,5	96,5	100,5	102,1	101,9	104,7	725,5	91,8	110,8	4936,0	138,0	26,0	76,2							1187,5	103,8	115,7	36,53	23,45	404,1	101,5	101,6	112,0	100,8	99,7	416,5	101,8	101,7	365,5	102,8	106,5	365,5	102,8	106,5	100,5	17758,0	130,3
2008-08-31	2008	8	12744,7	871,2	104,5	100,4	100,1	101,0	104,2	782,0	105,4	110,5	5551,0	125,0	25,0	78,0							1231,2	103,4	114,8	36,23	24,58	399,2	98,8	101,5	113,7	101,5	100,1	411,8	98,9	101,6	354,8	96,1	103,4	354,8	96,1	103,4	97,5	17244,0	128,9
2008-09-30	2008	9	13459,6	915,9	105,1	100,8	99,7	102,8	104,1	861,5	108,3	115,4	5844,0	141,0	23,0	81,8							1245,4	100,4	115,0	36,37	25,25	392,6	98,4	100,7	111,6	101,7	99,3	405,0	98,4	100,9	360,5	100,7	105,5	360,5	100,7	105,5	102,9	17739,0	128,2
2008-10-31	2008	10	13508,1	977,5	106,7	100,9	100,7	98,4	103,5	879,0	101,0	106,9	5310,0	139,0	18,9	89,1							1280,3	101,6	113,1	35,04	26,54	410,0	104,4	101,1	112,3	97,4	95,6	421,9	104,2	101,2	362,5	100,8	104,1	362,5	100,8	104,1	99,5	17643,0	125,3
2008-11-30	2008	11	13645,5	1048,6	107,3	100,8	90,1	87,5	101,9	877,4	99,4	99,7	4033,0	109,0	10,8	89,3							1247,1	96,6	108,7	35,72	27,61	371,1	90,5	91,4	90,8	83,5	79,9	380,9	90,3	91,5	355,9	97,4	100,4	355,9	97,4	100,4	99,7	17598,0	119,3
2008-12-31	2008	12	13353,3	994,5	94,8	100,7	102,7	87,2	100,6	1350,1	154,6	93,5	4610,0	95,4	8,9	97,2							1463,2	116,7	105,5	41,44	29,38	378,8	102,1	88,4	85,9	91,6	73,7	389,1	102,2	88,5	373,7	103,7	100,7	373,7	103,7	100,7	123,1	21681,0	115,3
2009-01-31	2009	1	13201,3	1031,9	103,8	102,4	84,7	81,7	81,7	340,2	25,2	81,3	719,0	18,2	4,2	95,9							1103,1	74,6	104,7	45,66	35,41	342,3	90,4	82,7	74,8	87,1	66,9	348,9	89,7	82,6	334,8	85,0	100,4	334,8	85,0	100,4	79,0	17119,0	115,5
2009-02-28	2009	2	13471,3	1050,2	101,8	101,7	101,0	82,5	82,1	426,2	124,0	83,8	1703,0	46,9	4,6	87,5							1073,0	95,6	99,1	45,35	35,72	324,3	94,7	81,9	79,6	117,9	73,2	331,6	95,0	81,9	338,7	100,2	98,5	338,7	100,2	98,5	100,1	17098,0	111,1
2009-03-31	2009	3	13687,8	1086,0	103,4	101,3	110,5	85,7	83,3	457,9	108,4	80,9	2887,0	57,8	7,5	90,4							1154,5	105,9	97,7	44,94	34,01	356,1	109,8	83,9	93,2	105,6	78,2	364,5	109,9	83,8	358,1	104,9	98,6	358,1	104,9	98,6	105,8	18129,0	111,9
2009-04-30	2009	4	13734,5	1079,1	99,4	100,7	95,9	85,0	83,7	485,0	106,0	80,4	2873,0	60,1	8,7	78,4							1151,4	98,9	95,6	43,84	33,25	335,0	94,1	81,5	89,2	98,9	77,3	342,8	94,0	81,4	357,7	99,5	96,2	357,7	99,5	96,2	99,3	18009,0	108,3
2009-05-31	2009	5	14069,9	1125,4	104,3	100,6	98,7	84,3	83,9	562,5	115,3	76,3	2172,0	47,4	6,8	73,1							1175,2	101,4	94,8	43,38	30,98	341,8	102,0	81,2	91,5	99,3	79,7	349,6	102,0	81,2	358,9	99,8	94,8	358,9	99,8	94,8	100,0	18007,0	107,5
2009-06-30	2009	6	14646,5	1165,1	103,5	100,6	102,4	87,0	84,4	674,6	119,5	80,6	2842,0	58,8	7,6	68,8							1186,6	100,3	94,0	43,82	31,29	336,1	98,3	84,4	92,6	104,5	86,1	344,2	98,4	84,1	378,5	105,0	95,2	378,5	105,0	95,2	106,9	19247,0	108,2
2009-07-31	2009	7	14507,2	1154,2	99,1	100,6	103,3	88,0	84,9	633,4	93,4	81,9	2826,0	61,1	9,4	71,5							1218,8	102,1	92,5	44,69	31,76	374,3	111,4	92,6	97,2	101,6	86,8	383,2	111,3	92,0	383,1	100,4	93,0	383,1	100,4	93,0	98,2	18872,0	106,0
2009-08-31	2009	8	14584,9	1120,9	97,1	100,0	98,9	86,9	85,2	675,8	105,2	81,7	3039,0	19,4	6,3	71,2							1236,5	101,6	90,8	45,3	31,57	375,6	100,3	94,1	99,7	102,5	87,7	384,8	100,4	93,4	373,7	97,3	94,2	373,7	97,3	94,2	97,4	18335,0	105,8
2009-09-30	2009	9	15039,0	1123,9	100,3	100,0	102,4	89,3	85,6	751,8	110,1	83,1	3310,0	56,6	6,7	74,7							1232,8	99,8	90,2	44,01	30,09	370,6	98,7	94,4	99,0	102,6	88,7	379,9	98,7	93,8	375,0	100,3	93,7	375,0	100,3	93,7	102,7	18838,0	105,3
2009-10-31	2009	10	14774,3	1138,7	101,3	100,0	104,3	92,6	86,3	771,9	102,1	84,0	3636,0	57,4	8,7	86,0							1273,8	103,3	91,7	43,07	29,05	391,8	105,7	95,6	100,1	97,9	89,2	401,5	105,7	95,2	376,9	100,5	93,2	376,9	100,5	93,2	99,7	18798,0	105,9
2009-11-30	2009	11	14860,6	1068,1	93,8	100,3	100,8	103,6	87,8	831,3	106,8	90,3	3990,0	58,9	10,2	91,0							1265,2	99,0	93,9	44,36	29,82	390,8	99,7	105,3	95,7	98,8	105,5	400,1	99,7	105,1	377,0	99,8	95,3	377,0	99,8	95,3	102,2	19215,0	108,6
2009-12-31	2009	12	14881,5	957,9	89,7	100,4	106,6	107,5	89,3	1365,4	163,4	95,4	5486,0	54,7	10,6	102,0							1528,3	120,3	96,8	43,39	30,24	404,9	103,6	106,9	95,6	96,7	111,4	415,0	103,7	106,7	407,6	107,6	98,3	407,6	107,6	98,3	124,8	24004,0	110,2
2010-01-31	2010	1	14656,0	918,8	95,9	101,6	85,4	108,5	108,5	331,7	24,3	91,7	281,0	44,0		102,0							1196,4	77,7	100,8	42,46	30,43	385,4	95,2	112,6	87,6	91,6	117,2	391,7	94,4	112,2	357,2	84,5	98,1	357,2	84,5	98,1	78,0	18938,0	109,3
2010-02-28	2010	2	14973,2	961,5	104,7	100,9	100,0	107,3	107,9	421,5	125,1	92,5	2148,0	60,3		92,5							1166,7	96,8	102,0	40,8	29,95	359,1	93,2	110,7	88,4	111,6	111,0	366,1	93,5	110,4	369,6	102,4	99,9	369,6	102,4	99,9	101,0	19017,0	109,9
2010-03-31	2010	3	15446,9	965,4	100,4	100,6	112,6	109,3	108,4	489,7	117,6	100,4	3401,0	85,3		94,6							1270,9	108,2	104,2	39,7	29,36	400,3	111,5	112,4	103,2	105,5	110,7	409,0	111,7	112,2	396,1	106,6	101,6	396,1	106,6	101,6	108,2	20589,0	112,7
2010-04-30	2010	4	15251,8	937,9	97,2	100,3	94,2	107,4	108,2	527,2	107,4	101,7	3069,0	93,6		82,3							1283,2	100,6	106,0	38,7	29,29	387,8	96,9	115,8	101,1	101,2	113,3	396,2	96,9	115,6	394,0	99,2	101,5	394,0	99,2	101,5	99,0	20358,0	112,3
2010-05-31	2010	5	15641,7	973,0	103,7	100,5	99,3	108,1	108,1	642,2	119,7	105,6	2925,0	96,3		76,8							1320,6	102,4	107,1	37,63	30,5	390,6	100,7	114,3	103,1	98,8	112,7	399,1	100,7	114,2	396,5	100,2	102,1	396,5	100,2	102,1	99,7	20279,0	112,1
2010-06-30	2010	6	16619,5	962,8	99,0	100,4	101,6	107,3	108,0	793,1	122,6	108,3	3859,0	107,0		72,8							1339,8	101,2	108,0	38,19	31,2	367,1	94,0	109,2	101,2	101,4	109,3	375,8	94,1	109,2	413,7	103,8	101,1	413,7	103,8	101,1	107,5	21795,0	112,8
2010-07-31	2010	7	16510,3	945,5	98,2	100,4	100,7	104,6	107,5	683,9	85,8	99,5	3488,0	111,0		75,1							1384,5	103,0	108,9	39,47	30,19	378,6	103,1	101,1	103,5	98,9	106,5	387,9	103,2	101,2	416,6	100,0	100,8	416,6	100,0	100,8	97,9	21325,0	112,4
2010-08-31	2010	8	16701,2	956,4	101,2	100,6	101,1	106,9	107,4	794,7	114,2	108,1	3998,0	97,3		76,5							1418,4	101,8	109,2	39,03	30,66	380,9	100,6	101,4	104,9	101,4	105,3	390,2	100,6	101,4	408,6	97,9	101,4	408,6	97,9	101,4	97,3	20753,0	112,0
2010-09-30	2010	9	17066,9	996,2	104,2	100,8	101,7	106,2	107,3	882,9	109,8	107,8	4521,0	128,0		78,0							1413,0	98,4	107,7	41,35	30,4	379,8	99,7	102,5	102,0	100,5	103,1	389,6	99,8	102,5	412,0	101,1	102,2	412,0	101,1	102,2	101,2	20999,0	110,4
2010-10-31	2010	10	17328,6	989,3	99,3	100,5	105,3	107,2	107,3	931,2	104,8	110,6	4147,0	131,0		89,8							1467,0	103,1	107,5	42,73	30,78	406,8	107,1	103,8	106,8	101,3	106,6	416,8	107,0	103,8	414,5	100,6	102,2	414,5	100,6	102,2	99,8	20970,0	110,7
2010-11-30	2010	11	17533,3	991,6	100,2	100,8	101,0	107,4	107,3	977,7	104,3	108,0	4054,0	126,0		92,4							1475,3	99,6	108,2	41,57	31,31	405,3	99,6	103,7	103,7	100,4	108,3	414,9	99,5	103,7	423,4	101,9	104,2	423,4	101,9	104,2	102,5	21486,0	110,9
2010-12-31	2010	12	17683,4	1006,0	101,5	101,1	106,4	107,2	107,3	1676,3	171,4	113,3	5053,0	128,0		105,0							1776,2	119,1	107,1	40,33	30,48	403,8	99,6	99,7	100,3	93,6	104,8	414,5	99,9	99,9	448,8	105,4	101,8	448,8	105,4	101,8	130,4	28027,0	115,6
2011-01-31	2011	1	17392,4	1061,2	105,5	102,4	84,7	106,2	106,2	367,8	21,6	100,9	1496,0	100,0		102,0							1362,5	75,4	103,9	40,65	29,67	405,0	100,3	105,1	96,9	96,7	110,6	411,6	99,3	105,1	402,1	86,0	103,9	402,1	86,0	103,9	74,5	20669,0	111,0
2011-02-28	2011	2	18134,7	1122,7	105,8	100,8	99,1	105,3	105,8	486,3	129,8	104,6	2707,0	128,0		93,8							1355,6	98,7	106,0	40,01	28,94	377,0	93,1	105,0	93,0	106,2	105,2	384,5	93,4	105,0	409,7	101,2	102,6	409,7	101,2	102,6	99,9	20680,0	110,2
2011-03-31	2011	3	18719,1	1105,0	98,4	100,6	110,8	103,7	105,0	567,9	118,4	105,4	3090,0	149,0		96,3							1466,7	107,4	105,2	40,02	28,43	406,5	107,8	101,6	104,7	101,7	101,5	415,9	108,2	101,7	438,5	106,6	102,5	438,5	106,6	102,5	109,6	22673,0	112,1
2011-04-30	2011	4	18789,1	1076,5	97,4	100,4	95,9	105,5	105,1	611,1	107,6	105,8	3028,0	152,0		84,1							1486,4	100,9	105,5	40,81	27,5	396,3	97,5	102,2	103,4	102,1	102,3	405,0	97,4	102,2	443,5	100,7	104,1	443,5	100,7	104,1	99,3	22519,0	112,2
2011-05-31	2011	5	19115,4	1076,9	100,0	100,5	100,0	106,2	105,4	766,9	123,8	109,4	2726,0	135,0		79,0							1533,8	102,8	105,9	40,06	28,07	413,8	104,4	105,9	106,2	99,4	103,0	423,0	104,4	106,0	447,5	99,9	104,0	447,5	99,9	104,0	101,0	22779,0	113,4
2011-06-30	2011	6	19883,4	1079,7	100,3	100,2	101,9	106,5	105,5	928,0	121,0	107,9	4013,0	148,0		73,7							1553,0	101,2	105,9	40,39	28,08	394,6	95,4	107,5	103,6	100,8	102,3	404,1	95,5	107,5	465,6	103,1	103,4	465,6	103,1	103,4	105,9	24137,0	112,0
2011-07-31	2011	7	19542,3	1189,8	110,2	100,0	99,9	105,5	105,5	824,0	88,1	110,7	3296,0	136,0		77,5							1600,9	103,3	106,1	39,52	27,68	395,1	100,1	104,4	105,9	99,0	102,4	405,3	100,3	104,5	459,4	97,7	101,1	459,4	97,7	101,1	97,8	23598,0	111,6
2011-08-31	2011	8	19503,5	1165,2	97,9	99,8	101,5	106,0	105,6	969,2	115,7	112,1	4216,0	142,0		77,8							1654,4	103,8	108,2	41,84	28,86	387,2	98,0	101,7	105,4	99,5	100,5	397,8	98,2	102,0	461,8	100,3	103,7	461,8	100,3	103,7	97,9	23051,0	112,4
2011-09-30	2011	9	20386,4	1198,7	102,9	100,0	100,4	104,6	105,5	1060,9	108,8	111,0	4619,0	168,0		79,2							1645,2	99,5	109,3	43,4	31,88	381,6	98,5	100,5	102,6	100,6	100,6	392,7	98,7	100,8	456,9	99,5	102,2	456,9	99,5	102,2	101,8	23468,0	112,9
2011-10-31	2011	10	20362,2	1205,6	100,6	100,5	104,1	103,3	105,2	1175,4	109,8	116,3	4262,0	164,0		88,7							1703,3	102,9	109,1	42,38	29,9	409,6	107,3	100,7	109,8	103,6	102,9	420,4	107,1	100,9	461,7	100,9	102,4	461,7	100,9	102,4	100,6	23602,0	113,8
2011-11-30	2011	11	20774,2	1201,0	99,6	100,4	101,6	103,9	105,1	1192,3	101,1	112,8	4809,0	159,0		96,1							1696,0	99,0	108,5	41,85	31,32	408,6	99,8	100,8	104,6	98,4	100,9	419,6	99,8	101,1	474,1	102,6	102,9	474,1	102,6	102,9	102,9	24296,0	114,3
2011-12-31	2011	12	20954,3	1208,3	100,6	100,4	106,6	104,1	105,0	2085,9	175,2	115,3	5982,0	158,0		103,0							2046,5	120,1	109,4	41,67	32,2	423,3	103,6	104,8	105,4	97,5	105,2	434,7	103,6	104,9	504,0	105,8	103,2	504,0	105,8	103,2	135,0	32809,0	118,2
2012-01-31	2012	1	20537,1	1187,4	98,3	100,5	84,2	103,6	103,6	457,3	21,8	116,3	2384,0	117,0		102,0							1524,5	74,1	107,5	39,97	30,36	426,9	100,8	105,4	101,5	96,3	104,7	434,2	99,9	105,5	435,7	86,3	103,7	435,7	86,3	103,7	72,6	23746,0	115,1
2012-02-29	2012	2	20963,4	1222,8	103,0	100,4	102,2	106,8	105,2	602,3	129,4	116,0	3673,0	159,0		101,0							1524,4	99,5	108,3	38,91	28,95	393,5	92,2	104,4	96,9	102,1	104,3	401,8	92,5	104,5	452,0	103,9	106,5	452,0	103,9	106,5	101,2	24036,0	116,3
2012-03-31	2012	3	21676,0	1249,2	102,2	100,6	107,1	103,2	104,5	670,5	112,9	110,6	5023,0	174,0		98,4							1640,8	106,9	107,8	39,17	29,33	425,0	108,0	104,6	108,0	104,2	103,2	434,8	108,2	104,5	476,7	104,8	104,6	476,7	104,8	104,6	106,3	25487,0	113,0
2012-04-30	2012	4	22099,7	1215,1	97,3	100,3	95,1	102,3	103,9	709,9	105,5	108,4	4979,0	172,0		83,9							1650,1	100,2	107,0	38,92	29,36	406,7	95,7	102,6	106,4	101,8	102,9	416,0	95,7	102,7	476,8	99,7	103,5	476,8	99,7	103,5	101,2	25800,0	115,1
2012-05-31	2012	5	21887,5	1188,9	97,8	100,5	100,9	103,3	103,8	931,6	130,0	113,9	4563,0	169,0		79,2							1712,9	103,3	107,6	40,46	32,45	413,6	101,7	100,0	109,3	99,4	102,9	423,5	101,8	100,1	482,4	100,2	103,6	482,4	100,2	103,6	102,4	26385,0	116,5
2012-06-30	2012	6	22865,2	1257,3	105,8	100,9	100,1	101,5	103,4	1089,0	116,1	109,3	5023,0	168,0		74,6							1749,2	101,3	107,7	41,32	32,82	392,2	94,8	99,4	106,6	100,8	102,9	402,4	95,0	99,6	502,1	103,1	103,5	502,1	103,1	103,5	104,2	27494,0	114,9
2012-07-31	2012	7	22954,8	1237,8	98,5	101,2	101,9	103,6	103,4	976,6	88,8	110,2	4528,0	151,0		77,1							1794,1	101,8	106,2	39,55	32,19	402,0	102,5	101,7	109,1	99,0	102,9	412,5	102,5	101,8	503,3	97,8	103,5	503,3	97,8	103,5	97,2	26684,0	114,1
2012-08-31	2012	8	22734,0	1214,5	98,1	100,1	102,3	104,4	103,5	1099,1	111,4	106,2	4829,0	149,0		78,4							1848,7	102,8	105,3	40,53	32,29	403,4	100,3	104,2	109,0	99,9	103,4	414,4	100,5	104,2	499,0	98,8	102,0	499,0	98,8	102,0	96,4	25718,0	112,3
2012-09-30	2012	9	23094,7	1236,7	101,8	100,6	98,4	102,3	103,4	1149,3	103,8	101,2	5288,0	176,0		79,0							1849,6	99,5	105,3	39,98	30,92	405,0	100,4	106,1	106,3	100,8	103,6	416,3	100,5	106,0	501,6	100,2	102,6	501,6	100,2	102,6	101,1	25996,0	111,6
2012-10-31	2012	10	23068,9	1257,2	101,7	100,5	105,3	103,5	103,4	1373,0	118,7	109,4	5712,0	186,0		89,2							1904,5	102,3	104,7	40,71	31,53	415,9	102,7	101,6	111,2	101,2	101,2	427,3	102,6	101,6	515,1	102,8	104,4	515,1	102,8	104,4	103,1	26803,0	114,1
2012-11-30	2012	11	23129,1	1259,7	100,2	100,3	101,3	103,3	103,4	1303,3	95,1	102,9	5298,0	182,0		94,2							1900,3	99,3	105,0	40,21	31,06	416,5	100,1	101,9	106,2	98,7	101,5	427,4	100,0	101,9	524,9	102,1	103,8	524,9	102,1	103,8	102,4	27448,0	113,6
2012-12-31	2012	12	23631,7	1188,4	94,3	100,5	106,1	102,8	103,4	2224,2	170,0	99,9	6661,0	160,0		107,0							2295,4	120,1	105,0	40,23	30,37	433,5	104,1	102,4	101,5	92,4	96,2	445,0	104,1	102,4	556,6	105,2	103,1	556,6	105,2	103,1	132,8	36450,0	111,9
2013-01-31	2013	1	23069,9	1100,5	92,6	101,0	81,6	99,6	99,6	511,4	21,1	104,0	2062,0	135,0		104,0							1710,7	73,7	104,5	40,51	30,03	420,9	97,0	98,6	95,2	93,8	93,7	427,3	96,0	98,4	494,9	88,3	105,6	494,9	88,3	105,6	73,4	26840,0	112,9
2013-02-28	2013	2	23481,1	1232,8	112,0	100,6	99,4	96,9	98,2	652,5	125,8	101,1	4084,0	163,0		92,6							1690,3	98,2	103,1	40,04	30,62	384,5	91,4	97,7	93,9	109,2	96,8	391,9	91,7	97,5	504,1	101,5	103,1	504,1	101,5	103,1	99,6	26620,0	110,8
2013-03-31	2013	3	24632,0	1364,2	110,7	100,3	110,4	99,9	98,8	741,5	114,9	102,8	4366,0	165,0		98,4							1840,3	108,4	104,5	39,8	31,08	419,3	109,0	98,6	104,8	100,9	97,1	429,3	109,5	98,7	516,8	102,5	100,8	516,8	102,5	100,8	107,9	28693,0	112,5
2013-04-30	2013	4	24777,3	1378,1	101,0	100,5	96,3	101,1	99,4	771,6	104,3	101,7	5049,0	167,0		86,1							1850,3	100,0	104,3	40,84	31,26	407,1	97,1	100,1	102,6	101,1	96,4	417,1	97,2	100,3	527,1	101,5	102,6	527,1	101,5	102,6	104,7	30026,0	116,4
2013-05-31	2013	5	24861,3	1414,1	102,6	100,7	99,3	99,5	99,4	987,0	127,1	99,4	4546,0	139,0		79,8							1902,3	102,3	103,4	40,97	31,59	414,7	101,9	100,3	105,5	99,5	96,6	425,1	101,9	100,4	525,6	98,5	100,9	525,6	98,5	100,9	99,0	29723,0	112,4
2013-06-30	2013	6	26529,2	1431,6	101,2	100,4	102,3	101,7	99,8	1160,1	116,6	99,9	4797,0	160,0		74,7							1940,2	101,7	103,8	42,72	32,71	389,4	93,9	99,3	103,5	101,4	97,1	400,2	94,1	99,5	539,5	101,9	99,8	539,5	101,9	99,8	104,3	30986,0	112,6
2013-07-31	2013	7	26725,7	1397,0	97,6	100,8	101,0	100,8	99,9	1053,2	90,7	102,0	4297,0	149,0		76,2							1991,2	102,5	104,5	43,61	32,89	399,9	102,7	99,5	106,6	99,7	97,8	411,2	102,8	99,7	555,5	100,4	102,4	555,5	100,4	102,4	97,6	30229,0	113,3
2013-08-31	2013	8	26779,2	1358,8	97,3	100,1	101,3	99,8	99,9	1147,2	107,9	98,8	5294,0	153,0		77,7							2041,1	102,6	104,2	44,01	33,25	405,1	101,3	100,4	107,5	100,8	98,6	416,7	101,3	100,6	559,5	100,2	103,9	559,5	100,2	103,9	96,9	29226,0	113,7
2013-09-30	2013	9	27608,9	1454,8	107,1	100,2	99,9	101,3	100,1	1202,5	103,5	98,5	5055,0	163,0		80,3							2019,7	98,6	103,2	43,65	32,35	412,3	101,8	101,8	104,7	100,6	98,4	424,2	101,8	101,9	554,9	99,5	103,1	554,9	99,5	103,1	100,4	29346,0	112,8
2013-10-31	2013	10	27565,8	1467,7	100,9	100,6	105,0	101,0	100,2	1449,9	120,2	99,8	3838,0	183,0		90,0							2083,1	102,3	103,3	44,06	32,06	441,6	107,1	106,1	105,9	97,9	95,2	453,8	107,0	106,2	565,5	102,3	102,6	565,5	102,3	102,6	102,5	30069,0	112,0
2013-11-30	2013	11	27997,5	1476,8	100,6	100,6	103,1	102,8	100,4	1431,9	99,8	104,7	5167,0	187,0		90,4							2099,5	100,1	104,1	45,19	33,19	419,3	94,9	100,6	103,4	101,0	97,4	430,6	94,9	100,7	569,1	100,5	100,9	569,1	100,5	100,9	101,4	30290,0	110,9
2013-12-31	2013	12	27531,6	1469,6	99,5	100,5	103,6	100,4	100,4	2341,5	162,1	99,8	4682,0	160,0		100,0							2517,2	119,4	103,5	44,97	32,73	444,5	106,0	102,4	103,3	96,6	101,8	456,1	105,9	102,5	599,8	104,5	100,1	599,8	104,5	100,1	130,9	39648,0	109,3
2014-01-31	2014	1	26845,4	1425,1	97,0	100,6	81,2	99,8	99,8	492,2	21,1	92,7	845,0	117,0		102,0				81,2	99,8	99,8	1867,1	73,2	102,8	48,1	35,24	434,5	97,8	103,2	96,2	93,2	101,1	441,6	96,8	103,3	559,5	89,8	101,8	559,5	89,8	101,8	74,7	29535,0	111,6
2014-02-28	2014	2	27463,2	1499,6	105,2	100,7	101,6	102,1	100,9	643,2	129,6	95,5	3107,0	159,0		93,5				101,6	100,9	102,1	1871,3	99,5	104,3	49,35	36,05	387,8	89,2	100,8	93,2	107,3	99,4	396,2	89,7	101,1	571,9	102,0	100,6	571,9	102,0	100,6	99,1	29255,0	111,1
2014-03-31	2014	3	28538,4	1596,5	106,5	101,0	109,7	101,4	101,1	728,4	114,5	95,3	3634,0	172,0		94,3				109,7	101,1	101,4	2054,5	108,6	104,5	49,05	35,69	421,8	108,8	100,6	104,4	101,1	99,6	430,8	108,7	100,4	591,6	103,1	101,3	591,6	103,1	101,3	108,0	31486,0	111,0
2014-04-30	2014	4	28606,8	1590,8	99,6	100,9	97,3	102,4	101,4	770,4	106,6	97,4	3646,0	166,0		84,4				97,3	101,4	102,4	2042,9	98,6	103,0	49,51	35,7	405,4	96,1	99,6	101,9	100,8	99,3	414,4	96,2	99,4	599,2	100,5	100,3	599,2	100,5	100,3	104,7	32947,0	110,8
2014-05-31	2014	5	28815,9	1797,2	113,0	100,9	99,6	102,8	101,7	991,1	127,0	97,3	3238,0	147,0		79,6				99,6	101,7	102,8	2095,0	101,7	102,4	47,27	34,74	420,4	103,7	101,4	103,2	98,0	97,8	431,0	104,0	101,4	585,4	97,1	100,8	585,4	97,1	100,8	98,0	32272,0	109,9
2014-06-30	2014	6	30214,7	1684,7	93,7	100,6	99,9	100,4	101,5	1180,5	119,0	99,3	3879,0	160,0		74,6				99,9	101,5	100,4	2118,8	100,6	101,1	45,83	33,63	401,0	95,4	103,0	100,6	100,7	97,2	411,7	95,5	102,9	601,9	101,8	101,1	601,9	101,8	101,1	104,7	33726,0	110,1
2014-07-31	2014	7	29556,8	1759,9	104,5	100,5	102,2	101,5	101,5	1075,1	90,5	99,1	3580,0	162,0		77,5				102,2	101,5	101,5	2192,2	103,1	101,6	47,9	35,73	399,8	99,7	100,0	103,1	99,2	96,7	411,7	100,0	100,1	611,9	100,5	100,8	611,9	100,5	100,8	96,4	32515,0	109,0
2014-08-31	2014	8	29949,2	1775,8	100,9	100,2	99,8	100,0	101,3	1168,5	107,1	98,4	3630,0	94,3		78,8				99,8	101,3	100,0	2263,8	103,0	101,6	48,63	36,93	399,9	100,0	98,7	105,8	102,6	98,4	411,0	99,8	98,6	618,6	100,6	101,1	618,6	100,6	101,1	94,6	30763,0	106,3
2014-09-30	2014	9	30835,4	1783,1	100,4	100,7	102,7	102,8	101,5	1204,0	103,3	98,1	4154,0	133,0		80,1				102,7	101,5	102,8	2241,3	98,4	101,8	49,95	39,39	405,2	101,3	98,3	104,8	102,4	100,2	417,5	101,6	98,4	621,5	100,6	102,4	621,5	100,6	102,4	103,8	31929,0	109,7
2014-10-31	2014	10	31097,6	1865,3	104,6	100,8	105,1	102,9	101,7	1468,5	121,6	99,2	4381,0	139,0		92,8				105,1	101,7	102,9	2310,9	102,2	101,7	54,64	43,39	427,1	105,4	96,7	107,5	99,3	101,6	439,9	105,4	96,9	628,6	101,0	101,7	628,6	101,0	101,7	101,7	32439,0	108,9
2014-11-30	2014	11	31784,8	1891,9	101,4	101,3	99,8	99,6	101,5	1372,5	92,7	92,2	4182,0	137,0		96,0				99,8	101,5	99,6	2343,6	100,1	101,9	61,41	49,32	418,2	97,9	99,7	103,1	99,1	99,7	429,0	97,5	99,6	632,0	100,0	101,4	632,0	100,0	101,4	100,3	32546,0	107,7
2014-12-31	2014	12	33173,6	1881,3	99,4	102,6	108,1	103,9	101,7	2433,3	173,8	98,9	4932,0	154,0		104,0				108,1	101,7	103,9	2954,8	123,2	105,1	68,34	56,26	431,4	103,2	97,1	103,1	96,8	99,8	442,4	103,1	97,0	680,2	106,5	102,4	680,2	106,5	102,4	129,8	42136,0	106,9
2015-01-31	2015	1	32067,9	1961,2	104,2	103,9	78,8	100,9	100,9	516,9	20,5	96,1	797,0	85,3		103,0	31,1	87,2	87,2				2063,7	67,3	96,4	78,11	68,93	417,6	96,8	96,1	96,8	93,6	100,3	424,5	95,9	96,1	607,6	88,1	100,6	607,6	88,1	100,6	74,0	30929,0	105,3
2015-02-28	2015	2	33616,5	1995,7	101,8	102,2	99,2	98,4	99,6	680,7	129,1	95,7	2404,0	131,0		92,8	126,3	82,4	77,6				2031,9	96,0	93,0	68,69	61,27	382,5	91,6	98,6	92,7	106,1	99,2	390,6	92,0	98,5	614,3	100,3	98,9	614,3	100,3	98,9	101,5	31325,0	108,1
2015-03-31	2015	3	34177,1	2159,2	108,2	101,2	110,7	99,4	99,6	772,1	116,4	97,3	3422,0	138,0		96,0	139,8	86,5	94,8				2206,8	106,8	91,5	63,37	58,46	425,3	111,2	100,8	103,2	100,7	98,6	433,7	111,0	100,6	641,3	103,7	99,5	641,3	103,7	99,5	104,7	32642,0	104,5
2015-04-30	2015	4	34095,5	2109,7	97,7	100,5	93,5	95,5	98,5	812,8	104,1	95,2	3057,0	126,0		86,5	83,8	84,3	77,8				2166,5	97,4	90,4	56,81	51,7	401,1	94,3	98,9	100,0	96,9	98,0	409,0	94,3	98,7	634,8	98,6	97,5	634,8	98,6	97,5	105,4	34377,0	105,2
2015-05-31	2015	5	33780,3	2229,1	105,7	100,4	98,6	94,5	97,7	1004,2	123,2	92,4	3119,0	88,0		80,1	94,6	83,9	82,2				2221,6	102,1	90,8	58,01	52,97	405,5	101,1	96,4	100,1	100,1	96,7	414,1	101,2	96,0	618,0	96,7	97,0	618,0	96,7	97,0	100,1	34380,0	107,2
2015-06-30	2015	6				100,2	100,6	95,2	97,3	1203,8	119,6	92,9	2973,0	111,0		75,4	115,8	83,3	80,1				2232,0	100,4	90,6	61,52	55,52	388,3	95,8	96,8	97,5	100,7	96,7	397,6	96,0	96,6	641,5	102,6	97,7	641,5	102,6	97,7	104,5	35930,0	107,0
""
