date	year	qtr	CONSTR_bln_rub_fix	CONSTR_rog	CONSTR_yoy	CPI_rog	IND_PROD_rog	IND_PROD_yoy	I_bln_rub	I_rog	I_yoy	PROD_AUTO_BUS_units	PROD_AUTO_PSGR_th	PROD_AUTO_TRUCKS_th	PROD_BYCYCLES_th	PROD_E_TWh	PROD_RAILWAY_CARGO_WAGONS_units	PROD_RAILWAY_PSGR_WAGONS_units	RETAIL_SALES_bln_rub	RETAIL_SALES_rog	RETAIL_SALES_yoy	SOC_EMPLOYED_mln	SOC_EMPLOYED_yoy	SOC_PENSION_rub	SOC_UNEMPLOYED_bln	SOC_UNEMPLOYMENT_percent	SOC_WAGE_rog	SOC_WAGE_rub	SOC_WAGE_yoy	TRANS_COM_bln_t_km	TRANS_COM_rog	TRANS_COM_yoy	TRANS_RAILLOAD_mln_t	TRANS_RAILLOAD_rog	TRANS_RAILLOAD_yoy	TRANS_bln_t_km	TRANS_rog	TRANS_yoy	USLUGI_bln_rub	USLUGI_rog	USLUGI_yoy
1999-03-31	1999	1	50,9	80,5	92	116			96,8		93,8	14486	230	39,6	92,4	243	1051	143	379	88	88,1	61,1	102,4	403,1	10,2	14,3	99,4	1248	123	821	99,2	100,9	215	102,8	103,8	841,3			90,6	90,5	104,2
1999-06-30	1999	2	69,1	130,1	93,8	107,3			131,1		99,2	12413	243	43,3	125	186	1133	169	416,5	100,8	90	62,9	106,2	438	9,4	13	121,1	1511	141,1	831	101,2	106,5	234	107,6	111,8	852,6	101,3		102,4	104,5	106,5
1999-09-30	1999	3	91,4	120,5	104,3	105,6			185,6		105	11300	243	44,3	112	177	1085	194	464,6	105,1	90,3	63,9	108,8	455,5	8,9	12,3	108,7	1642	151,5	833	100,2	109	244	103,1	119,5	857,9	100,6		121	109,1	110
1999-12-31	1999	4	96,4	92,8	117,1	103,9			256,9		117,4	11822	238	48,9	95,6	240	871	210	537,3	110,6	103,1	63,6	107,6	499,5	9,1	12,5	117,4	1927	154,4	887	106,5	107,1	254	104,2	118,8	909,6	106		129,7	101,4	104,7
2000-03-31	2000	1	78,8	76,3	111,1	104,1			165,8		113,5	12191	239	45,2	144	252	1075	182	517,7	92,4	108,2	63,6	104,1	582,6	8,8	12,1	98,6	1899	157,1	886	99,9	107,9	253	100,8	117,8	907,8	99,8	107,9	122,9	86,9	104,4
2000-06-30	2000	2	113,6	136,1	116,2	105,3			236		119,6	13713	238	46,4	191	191	1241	193	542,8	101,3	108,7	65,6	104,3	667,1	7,7	10,4	113,1	2148	146,2	867	97,8	104,3	263	103,7	112,3	889,4	98	104,3	138,3	107,1	105,1
2000-09-30	2000	3	151,7	117,6	113,4	104,1			330,2		119,7	14173	255	47	135	184	796	190	598,4	105,8	109,4	65,8	103	729,7	7,2	9,9	108,8	2336	148	868	100,1	104,2	259	97,6	106,3	895,8	100,7	104,4	162,9	109,1	105,2
2000-12-31	2000	4	159,7	92,5	112,9	105,4			433,2		116,1	13924	237	45,9	169	251	917	237	693,4	110,5	109,4	65,2	102,5	797,9	7,1	9,8	113,5	2652	141,1	921	106,1	103,8	272	104,7	106,7	945,3	105,5	103,9	178,7	102,8	104,1
2001-03-31	2001	1	116,9	72,6	107,4	107,1			230,3		107	11419	246	40,6	148	256	926	191	665,2	91,1	107,9	64,3	101,6	880,3	7	9,8	104,8	2781	146,6	893	96,9	100,8	254	95,6	100,2	914,9	96,8	100,8	168,7	85,9	103,2
2001-06-30	2001	2	160,9	135	106,6	105,3			318,8		109,5	12232	251	39,4	170	195	1407	206	729,6	105	111,9	65,3	100,5	984,1	6,2	8,7	110,8	3082	144,6	904	101,3	104,3	265	103,3	100,9	927,8	101,4	104,3	194,2	107,5	103,7
2001-09-30	2001	3	210,9	122,6	111,1	101,1			421,1		109,9	16176	260	43,1	121	186	1737	245	783,3	105,7	111,7	65,8	100,7	1093,6	6,2	8,5	110,1	3393	147,9	902	99,8	103,9	268	100,3	103,7	932,3	100,5	104,1	219,3	106,9	101,9
2001-12-31	2001	4	215,1	95,1	114,3	104,1			534,5		111,9	16679	265	49,5	74,5	254	2448	217	891,9	110,8	111,9	65,3	100,5	1136,2	6,2	8,7	114,1	3872	146,5	952	105,5	103,4	270	100,4	99,5	978,6	105	103,5	229,5	99,9	98,7
2002-03-31	2002	1	136,3	65,3	102,7	105,4	94	103,1	270,1		101,3	17021	249	38,7	126	247	2122	147	828	89,2	109,6	65,8	102,2	1297,7	6	8,4	99,1	3836	138	937	98,5	105	248	93,9	97,7	961,1	98,2	105,1	232,1	91,3	104,5
2002-06-30	2002	2	188,8	135,6	103,2	103,4	97,7	101,8	376,4		103,5	14624	262	41,8	162	196	2206	233	884,2	103,4	108	66,8	102	1334,4	5,6	7,7	111	4257	138,1	951	101,5	105,2	270	107,7	101,8	976,2	101,6	105,2	259	106,1	103,7
2002-09-30	2002	3	251,2	121,9	102,6	101,2	104,7	105,1	494,5		102,7	16982	275	44,4	128	190	2958	250	963,5	107,5	109,9	67,7	102,9	1420,2	5,5	7,4	106,8	4547	134,5	965	101,5	107	282	103,3	104,9	997,2	102,2	107	288,3	106,3	103,4
2002-12-31	2002	4	254,7	95,5	103	104,3	106,8	102,7	621,4		103,1	18065	195	47,7	92,5	258	3454	237	1089,7	110,6	109,6	66,4	101,6	1461,7	6,3	8,6	110,4	5018	129,9	1015	105,1	106,6	284	100,7	105,2	1041,7	104,5	106,4	308,6	100,3	103,2
2003-03-31	2003	1	172,7	71	112,1	105,2	98,6	107,7	330		110,1	17363	201	42,3	143	261	5290	230	1013,9	89,4	109,9	65,1	99,1	1488,8	6,4	9	95,7	4800	125,8	1009	99,4	107,6	269	96,9	108,6	1032,9	99,2	107,5	312,7	94,8	106,8
2003-06-30	2003	2	239,6	136,9	113,2	102,6	100,5	109,9	470,6		113,1	17883	259	47,3	152	204	6258	242	1071,9	103,3	109,8	66,2	99,3	1608,6	5,8	8,2	110,3	5296	124,8	1024	101,5	107,7	291	106,8	107,8	1049,6	101,6	107,5	344,2	105,3	106,6
2003-09-30	2003	3	313	121,9	113,1	100,6	102,8	107,6	607,5		111,8	19892	284	51,4	73,8	196	6904	261	1142,5	105,2	107,5	67,1	992	1701,4	5,7	7,8	104,8	5549	123	1039	101,5	107,7	298	101,5	105,9	1072,1	102,1	107,5	377,8	104,5	105,2
2003-12-31	2003	4	317,4	95,2	112,8	103,1	108,8	110,2	778,3		113,7	21090	267	51,9	46,6	255	8521	292	1301,4	111,1	108,1	66,9	100,9	1749	5,8	7,9	115,3	6401	128,1	1099	105,7	108,3	302	101,3	106,4	1127,8	105,2	108,3	396	102,5	107,1
2004-03-31	2004	1	217,9	71,6	113,8	103,5	96,6	108,6	442,2	55,5	118,4	16933	258	49,2	101	262	8886	257	1237,3	92,4	111,7	66,2	101,6	1763,7	6,3	8,8	96,4	6173	127,3	1086	98,8	107,6	289	96,7	107,5	1111,2	98,5	107,6	393,4	95,3	107,3
2004-06-30	2004	2	307	137,8	114,5	102,5	100,2	108,3	626,3	137,2	116,9	19246	278	51,3	128	209	8531	301	1322,2	104,5	112,9	67,8	102,5	1889,1	5,4	7,3	107,7	6650	125	1099	101,2	107,3	304	105,2	104,5	1126,2	101,3	107,3	430,2	105,3	107,6
2004-09-30	2004	3	384,1	113,6	106,8	101,8	102,9	108,3	783,3	120,6	111,8	21651	303	54,5	66	200	8722	306	1430,5	106	113,6	68,2	101,5	1978,9	5,2	7	104,2	6930	123,7	1108	100,8	106,6	312	101,6	104,7	1141,7	101,4	106,5	473,5	107	110,8
2004-12-31	2004	4	404,6	96,1	107,8	103,4	107,3	106,8	1013,2	124	111,2	17894	271	45,2	48,8	261	9201	347	1652,5	112,3	114,9	67,2	100,4	2026,3	5,7	7,8	109,4	7582	117,5	1148	103,6	104,5	315	100,9	104,3	1179	103,3	104,5	492,7	100	107,8
2005-03-31	2005	1	280	71,5	107,6	105,3	94,8	104,9	540,5	51,9	106,3	15442	244	41,6	47,9	267	8921	254	1511,2	89	110,5	67,1	101,4	2125,4	5,7	7,8	100,7	7638	122,6	1113	97	102,5	299	104,6	103,4	1140,8	96,8	102,7	481,6	90,4	103,1
2005-06-30	2005	2	398,9	139,5	109	102,6	100,1	104,8	776,3	139,9	108,4	19386	257	51,6	88	212	8814	255	1674,9	107,5	113,8	68,4	100,8	2324,2	5,1	7	107,9	8234	122,4	1130	101,5	102,8	317	104,6	104,1	1160,5	101,7	103	554,6	112,1	109,2
2005-09-30	2005	3	521,3	119,3	114,4	100,6	103,5	105,4	993,6	123,9	111,4	18531	282	57,7	53,7	207	7190	343	1796,8	105,4	113,3	69	101,2	2466,6	5,1	6,8	105,3	8674	123,9	1125	99,6	101,6	325	101,7	104,2	1161,5	100,1	101,7	599,7	105,2	107,7
2005-12-31	2005	4	554,2	99,2	118	102,1	107,3	105,4	1300,7	127,2	114,3	24876	285	54,1	46,4	267	10235	369	2058,6	112,4	113,5	68,8	102,4	2539,9	5,2	7	111,3	9651	126,2	1182	105,1	102,8	332	102,2	105,3	1212,6	104,3	102,8	628,8	101,9	109,2
2006-03-31	2006	1	330,2	62,8	103,6	105	93,6	104,1	658,4	49,6	108,8	19263	256	50	169	281	7708	339	1857,2	87,5	111,4	68,3	101,8	2538,9	5,6	7,6	97,4	9397	122,3	1135	96	102	304	93,5	101,2	1163,4	95,9	101,9	600	89,2	107,3
2006-06-30	2006	2	520,2	154,8	115	101,1	102,5	106,6	1017,6	151,4	117,7	21683	297	61,7	340	223	8940	370	2068,1	109,6	113,6	69	101	2726,9	5,5	7,3	110,7	10401	125,1	1163	102,5	102,9	330	107,6	104,3	1193,6	102,6	102,8	689,4	112,2	107,7
2006-09-30	2006	3	695,6	121,9	117,5	101	104,1	107,2	1287,3	122,1	116,1	24453	305	65,1	285	218	6758	413	2237,3	107	115,3	70	101,4	2799,5	4,9	6,6	105,5	10949	125,1	1175	101,1	104,4	337	101	103,7	1209,4	101,3	104,1	739,9	105,2	107,9
2006-12-31	2006	4	804,8	106,8	126,5	101,7	107,3	107,1	1766,7	131,8	120,3	23256	320	68,5	254	274	10250	435	2549,3	112,5	115,3	69,5	101	2838,9	5	6,7	111,5	12203	125,2	1202	102,3	101,7	340	100,7	102,4	1233,3	102,1	101,8	769,1	102,4	108,4
2007-03-31	2007	1	447,8	58,2	117,2	103,4	94,2	107,8	897,6	49,4	120,3	19059	290	64,5	338	276	8936	395	2257,8	87	114,8	69,7	102,1	2846,3	5,2	6,9	97,3	11876	127,3	1173	97,5	103,4	323	99,8	106,3	1201	97,4	103,2	740,4	89,7	108,7
2007-06-30	2007	2	741,5	160,6	121,6	102,2	101,8	107,1	1414,4	152,6	121,3	20295	319	68,9	544	230	9384	456	2542,6	110,6	115,8	71	102,9	3090,6	4,5	5,9	109,3	12993	125,9	1194	101,9	102,7	336	102,8	101,5	1225,1	102	102,6	842,5	110,5	107
2007-09-30	2007	3	957,4	116	115,7	101,8	103,8	106,8	1744,1	117,7	116,9	21954	330	71,7	240	224	9417	463	2799,2	107,9	116,8	71,5	102,2	3107,6	4,2	5,5	103,9	13494	124	1181	98,9	100,5	338	99,7	100,2	1216,3	99,3	100,6	893,4	104,2	106,1
2007-12-31	2007	4	1146,6	109,3	118,5	104,1	106,1	105,6	2660,1	144,9	128,5	27554	356	79,9	391	285	10838	509	3269,4	112,5	116,8	70,8	101,8	3417,7	4,3	5,7	116,7	15742	129,3	1240	105	103,2	348	102,8	102,3	1272,8	104,6	103,2	930,7	103,1	106,9
2008-03-31	2008	1	705,4	63,3	128,9	104,8	94,6	106	1314,6	47,4	123,4	17145	331	66,3	414	291	9907	480	2957,8	87,5	117,4	70,1	100,6	3823,1	5	6,6	97,7	15424	128	1234	99,5	105,3	340	98,8	105,3	1262,2	99,2	105,1	900,2	90,3	107,4
2008-06-30	2008	2	1083,3	147,2	118,2	103,8	100,2	104,3	1991,5	145,4	117,6	19048	392	77,1	556	238	11255	510	3331,7	108,4	115,1	71,6	100,9	4044	4,2	5,5	110	16962	129,2	1230	99,7	103	338	99,4	100,7	1261,1	99,9	102,9	1006,7	108,3	105,4
2008-09-30	2008	3	1304,6	107,5	109,5	101,7	101,4	101,9	2369	112,4	112,3	16331	404	74	338	236	12021	565	3664,1	108	115,2	71,8	100,4	4382,6	4,4	5,8	103,6	17556	129	1196	97,2	101,3	337	98,8	99,7	1233,3	97,8	101,4	1080,8	103,9	105,1
2008-12-31	2008	4	1434,8	103,7	103,8	102,5	94,6	90,9	3106,5	127,4	98,7	13953	343	38,6	127	276	9498	588	3990,6	106,3	108,8	70,4	99,4	4544,8	5,3	7	108	18966	119,5	1160	97	93,5	289	85,7	83,1	1191,9	96,6	93,6	1092,1	99,5	101,8
2009-03-31	2009	1	661,7	50,8	83,4	105,4	86,7	83,3	1224,3	39,4	82	5309	123	16,3	97	274	4588	372	3330,6	80,8	100,4	68,5	97,8	4613,5	6,7	8,9	92	17441	112,8	1023	88,2	82,9	248	87,6	72,9	1045,1	87,7	82,8	1031,6	87,8	99,1
2009-06-30	2009	2	949,2	147,3	83,4	101,9	102,7	85,4	1722,1	140,3	79,1	7887	166	23,2	183	221	4091	334	3513,2	102,3	94,8	69,5	97,1	5151,3	6,4	8,4	105,6	18419	108	1013	99	82,3	273	109,2	80,9	1036,7	99,2	82,2	1095,1	104,4	95,3
2009-09-30	2009	3	1105,5	110,2	85,5	100,6	104,6	88,1	2061	116,9	82,3	9175	137	22,4	83,2	218	5648	345	3688,1	103,8	91,1	70,4	98	5330,1	5,9	7,8	101,4	18673	105,7	1120	110,6	93,7	296	107,1	87,7	1147,9	110,7	93,1	1131,8	101,9	93,6
2009-12-31	2009	4	1281,9	111,8	92,3	100,7	108,5	101	2968,6	140,5	90,7	13112	171	29,5	25,2	279	9257	333	4067,3	109,9	94,3	69,5	98,8	5669,5	6	7,9	110,7	20670	108,4	1187	106	102,4	291	98,5	100,9	1216,6	106	102,1	1161,5	102,2	95,6
2010-03-31	2010	1	646,9	53,6	97,3	103,2	93,1	108,4	1242,9	41,3	95,2	5830	190		237	290	10011	247	3634	87,7	102,4	68,2	99,5	7125,8	6,5	8,7	93,9	19485	110,5	1145	96,4	111,9	279	97,9	112,8	1166,7	95,9	111,6	1122,9	91,9	99,9
2010-06-30	2010	2	1055,8	161,3	106,6	101,2	101,9	107,6	1962,5	155,6	105,6	9853	297		449	232	12241	387	3943,6	107	107	70,1	100,9	7579,8	5,5	7,3	106,8	20809	112,4	1145	100,1	113,1	305	108,2	111,8	1171,1	100,4	113	1204,2	105,7	101,6
2010-09-30	2010	3	1288,4	112,2	108,5	101,8	102,9	105,9	2361,5	116,6	105,3	12007	337		236	230	12508	296	4215,9	105,3	108,6	71,2	101,2	7596	5,1	6,7	101,1	21031	111,6	1139	99,5	101,7	310	100,5	104,9	1167,7	99,7	101,7	1237,2	101,5	101,5
2010-12-31	2010	4	1463	107,3	104,1	102,4	109,9	107,2	3585,2	148,2	111,1	13254	386		247	287	15612	304	4718,5	108,9	107,6	70,3	101,1	7603,5	5,1	6,7	111,7	23491	112,7	1216	106,7	102,4	311	100,1	106,6	1246,2	106,7	102,4	1286,7	103,7	102,6
2011-03-31	2011	1	733,6	52,8	102,6	103,8	91,1	105	1422	38,7	103,9	7293	378		376	292	14839	264	4184,8	85,6	105	69,5	102	8010,6	5,5	7,4	91,3	21354	111,2	1189	97,8	103,8	295	96,9	105,5	1212	97,3	103,9	1250,3	92,3	102,9
2011-06-30	2011	2	1159,1	157,2	99,9	101,1	102,9	106,1	2306	161	107,8	9767	435		416	237	16313	335	4573,2	107,7	105,8	70,9	101	8253,8	4,8	6,4	108,2	23154	112,5	1205	101,4	105,2	313	105,1	102,5	1232	101,6	105,2	1356,6	106,5	103,8
2011-09-30	2011	3	1496,2	118,5	105,6	99,7	102,2	105,3	2854,1	120,6	111,3	12131	446		266	235	16433	251	4900,5	107,5	107,9	72	101,1	8263,3	4,7	6,1	100,9	23352	112,2	1164	96,6	102,2	314	99,2	101,1	1195,8	97,1	102,4	1378,1	99,8	102,4
2011-12-31	2011	4	1751,4	110,9	109,1	101,4	108,2	103,8	4453,6	153	114,8	15053	481		74,9	288	15271	355	5445,8	110	109	71,1	101,2	8283,8	4,6	6,1	115,2	26905	115,7	1242	106,7	102,1	320	101,9	102,9	1274,7	106,6	102,3	1439,8	104,4	102,8
2012-03-31	2012	1	843,7	50,9	105,3	101,5	91,7	104,5	1730,1	38,3	113,9	11080	451		549	301	16418	194	4689,7	84,7	107,9	70,1	100,8	8687,8	4,7	6,3	90,7	24407	114,6	1245	100,3	104,8	306	96,9	104	1270,7	99,7	104,8	1364,4	94,2	104,9
2012-06-30	2012	2	1330,7	157,4	105,4	101,7	100,8	102,4	2730,5	156,3	110,6	14565	509		494	238	18274	233	5112,2	107,2	107,4	71,9	101,5	9150	4,1	5,3	108,8	26547	115,5	1213	97,4	100,7	322	105,2	102,9	1241,8	97,7	100,8	1461,3	105,4	103,5
2012-09-30	2012	3	1660,2	114,9	102,1	101,9	103,3	103,4	3225	115,1	105,5	14645	476		292	235	19470	188	5492,4	105,6	105,6	72,5	100,8	9155,4	3,9	5,1	98,5	26127	112,7	1210	99,8	104	324	99,6	103,3	1243,2	100,1	104	1503,9	99,2	102,7
2012-12-31	2012	4	1879,5	108	99,5	101,4	108	103,2	4900,5	149,7	103,2	17671	528		339	290	17535	265	6100,2	109,3	104,9	71,6	100,8	9168,8	3,9	5,1	115,7	30233	113,1	1266	104,6	102	319	98,3	99,7	1299,7	104,5	102	1596,6	105,5	103,8
2013-03-31	2013	1	939,6	53,6	104,6	101,9	87,8	98,8	1905,4	38,1	102,5	10512	463		660	295	12519	158	5241,3	84	104	70,9	101,2	9574,6	4,4	5,8	90,4	27339	111,9	1225	96,7	98,3	294	94,2	95,9	1248,5	96,1	98,3	1515,8	93,6	103,1
2013-06-30	2013	2	1395,3	148,6	98,8	101,6	102,8	100,8	2918,7	152,8	100,2	14392	466		774	241	14657	188	5692,8	107,1	103,8	71,4	99,2	10013,8	4,1	5,4	110,6	30245	113,8	1211	98,9	99,9	312	104,9	96,7	1242,4	99,5	100	1592,2	103,3	101,1
2013-09-30	2013	3	1719,2	114,8	98,7	101,2	103,1	100,6	3402,9	114,4	99,7	14646	465		200	234	15649	134	6052	105,8	104	72	99,2	10035	4	5,2	97,8	29578	113,2	1217	100,5	100,6	319	101,2	98,3	1252,2	100,8	100,7	1669,9	101,1	103,2
2013-12-31	2013	4	1965,4	109,6	100,1	101,7	108,8	101,4	5223,3	151,9	101,1	13687	530		380	280	17296	280	6699,8	108,9	103,6	71,3	99,5	10046,8	4,1	5,5	113,2	33269	110,6	1305	107,2	103	313	98,1	98	1340,5	107	103,1	1734,4	103,9	101,2
2014-03-31	2014	1	913,8	50,1	93,6	102,3	87,6	101,1	1863,8	35,7	94,7	7586	448		551	290	14546	150	5792,9	84,2	103,9	70,8	99,9	10475,5	4,1	5,5	90,3	30057	111,1	1244	95,3	101,6	294	94,2	100	1268,9	94,6	101,6	1723	95	101,2
2014-06-30	2014	2	1375,4	150,5	94,8	102,4	103,6	101,8	2942	158,2	98,1	10763	473		616	239	16329	294	6256,7	105,3	102,1	71,5	100,1	10884,5	3,8	5	109,7	32963	110,2	1227	98,7	101,3	307	96,9	98,1	1257,3	99,1	101,2	1786,5	101,9	100,7
2014-09-30	2014	3	1707,4	115,6	95,4	101,4	102,7	101,5	3447,6	114,9	98,5	11364	389		227	236	12961	172	6697,3	105,6	101,6	72,2	100,2	10884,7	3,7	4,9	96,3	31730	108,3	1206	98,3	99	315	101,5	98,4	1241,2	98,7	99	1852	101,3	101,4
2014-12-31	2014	4	1985,1	111,3	97	104,8	109,6	102,1	5274,3	149,9	97,2	13495	430		369	294	10683	237	7609,3	110	103,1	71,7	100,5	10899,7	3,9	5,2	112,5	35685	107,7	1278	106	97,8	315	100	100,4	1312,6	105,8	97,8	1940,8	103,8	101,9
2015-03-31	2015	1	914,6	49,2	95,3	107,4	85,4	99,6	1969,7	35,5	96,4	6623	354		298	292	6702	29	6302,4	76,6	93,6	71,6	99,7	11679,1	4,4	5,7	88,9	31566	105,7	1225	96	98,5	293	94,2	99,5	1248,7	95,2	98,4	1863,2	93,3	99,7
2015-06-30	2015	2	1317,8	144,2	91,4	101	98,9	95,1	3020,8	152,8	93,3	9211	325		260	242	7953	125	6630,2	102,1	90,9	72,2	99,5	12091,9	4,3	5,6	110	34703	105,9	1197	97,7	97,5	298	100,6	97,1	1222,6	97,9	97,2	1902,9	100,3	98,1
2015-09-30	2015	3	1607,3	113,9	90	101,7	103,5	95,8	3560,2	114,5	93,2	9972	278		189	238	6589	99	7040,7	105,2	90,5	73,1	99,8	12088,9	4,1	5,3	95,3	33064	104,9	1222	102,1	101,3	312	103,8	99,1	1254,6	102,6	101,1	2007,8	100,3	97,1

